9934949 6842173 2105359 14277599 12394538 
9935205 6842173 2105359 14277600 12329257 
10000742 6973758 2171152 14277856 12329258 
9935205 6842429 2171151 14277856 12263721 
9935205 6842173 2171151 14343392 12263721 
9935206 6908222 2171152 14343392 12263721 
9935206 6907966 2171152 14343392 12329258 
9935206 6907966 2171152 14343392 12329514 
9869413 6907709 2171152 14343392 12329514 
9869413 6907709 2236688 14277600 12329258 
9869413 6907709 2236688 14277600 12329258 
9869413 6907966 2236944 14277600 12329258 
9869156 6842173 2236688 14277599 12263978 
9803620 6841916 2171152 14211807 12263721 
9803620 6841916 2171151 14211807 12263721 
9737571 6776379 2171151 14211806 12263721 
9671778 6710330 2105359 14146014 12198185 
9671778 6776123 2170895 14146013 12197929 
9671778 6710330 2105359 14146013 12132393 
9474400 6644537 2105358 14014428 12132392 
9474400 6644537 2105102 14014171 12066856 
9474400 6644537 2105102 13948635 12066600 
9408351 6578743 2105102 13817049 11935270 
9342814 6447415 2039309 13816792 11869478 
9342814 6512951 2039309 13816792 11803941 
9342558 6447415 2039309 13816792 11738405 
9342558 6447415 2039309 13751256 11738405 
9145179 6315573 1973516 13750999 11738405 
9145179 6315573 1973516 13685207 11672869 
9145179 6315829 2039053 13685206 11672868 
9079386 6184499 1907211 13488084 11475490 
9079387 6250035 1907211 13487828 11409954 
9079131 6184243 1907211 13487828 11409954 
9079131 6250036 1907211 13487828 11475490 
9079131 6184500 1907211 13487828 11409954 
9079132 6249780 1907211 13487828 11475491 
9013595 6183987 1906955 13487571 11475491 
9079132 6183987 1906955 13487827 11475491 
9013596 6118451 1906955 13487571 11475490 
9013340 6118195 1906955 13487571 11475491 
9013340 6118451 1972491 13487571 11475235 
9078877 6184244 1972491 13487571 11409699 
9078877 6183988 1972491 13487572 11344163 
9078877 6183988 1972491 13487572 11409699 
9078877 6118196 1972491 13487572 11409955 
9013341 6118195 2037771 13487571 11475492 
9013341 6118196 2037771 13487572 11344419 
9079134 6183988 2038027 13487572 11409956 
9079134 6183988 2103563 13487828 11409956 
9079134 6183988 2037771 13487828 11409956 
9144672 6249781 2103563 13487828 11344419 
9078879 6118196 2103307 13487572 11344420 
9079136 6183989 2103307 13487571 11344163 
9079136 6183732 2168843 13422035 11344420 
9078880 6118196 2168843 13421778 11344164 
9144674 6249781 2234379 13421779 11344163 
9144674 6183989 2234379 13421779 11344163 
9144675 6249782 2300171 13421779 11344164 
6315574 9210212 2365708 13421779 11409700 
9144675 6249781 2365452 13421779 11344164 
5921584 8881758 2168585 13027789 11277856 
5987377 8882015 2168585 13027789 11081247 
5987377 8882015 2234122 13028046 11015711 
5987377 8882015 2234122 13027790 10950175 
6118707 9013346 2365451 13093582 11081503 
6118707 9013346 2430987 13093582 11081504 
6250548 9144677 2497036 13159375 11147040 
6250292 9079141 2562316 13159375 11147040 
6316342 9210472 2628108 13225168 11147040 
6316085 9144679 2628108 13159375 11147041 
6250293 9144678 2628108 13159375 11147041 
6381878 2693645 9210472 13224912 11278113 
6316086 9210472 2693645 13224912 11212577 
6315830 9210216 2693645 13224912 11212577 
6513464 2824974 9407341 13290705 11212577 
6513464 2824974 9407342 13290705 11212577 
6579257 2890766 9538674 13356499 11212577 
6710843 2891023 9670262 13356756 11212577 
7039807 3022352 10064772 13554135 11212834 
7171392 3088145 10196361 13620185 11147298 
7105600 3088145 10196360 13620185 11147298 
7171137 3088145 10262155 13620186 11147298 
7105344 3088145 10130824 13554392 11147298 
7039807 3088145 10064774 13554136 11081506 
7105600 3153681 10261898 13620185 11081505 
6974015 3153681 10064773 13488599 11081505 
7039808 3219217 10196361 13554392 11081506 
7039808 3153681 10130569 13554392 11015969 
7039551 3219217 10130311 13488600 11081505 
7039551 3219217 10130311 13488599 11015969 
7039551 3153680 10064776 13488599 11015712 
6973759 3153424 10064776 13488599 10950176 
6973758 3153424 9998982 13422806 10950176 
6973759 3219217 10064776 13488343 10950176 
7039295 3284753 10064776 13488343 10950176 
7039551 3284753 10130570 11015968 13488599 
7039552 3350289 10130571 11015968 13488599 
7039552 3350289 10130571 11015968 13488599 
7039552 3416081 10130571 10950432 13488599 
7039552 3416082 10196107 11015969 13488600 
7105088 3481618 10196364 11081505 13554392 
7105089 3547154 10261901 11081505 13554392 
7039296 3547154 10196107 13554136 11081505 
7105089 3547410 10196108 11081505 13554136 
7105089 3547410 10261901 11081505 13554392 
7039296 3547154 10195851 13554136 11081505 
7039297 3612946 10261901 11081505 13554392 
7039297 3612946 10261645 11081505 13554392 
7039041 3612946 10261645 11081505 13554392 
6973504 3612690 10261644 13554392 11147041 
6973504 3612690 10261644 13554392 11147041 
6973249 3678226 10261645 11147041 13554392 
6973248 3678226 10261644 11081505 13554392 
6907456 3612690 10261387 11081505 13554136 
6907200 3678226 10195851 13554136 11147041 
6907200 3678226 10261388 11081505 13554136 
6907200 3743762 10261388 13554136 11147041 
6841664 3677970 10195595 11081505 13488599 
6841408 3677970 10195595 11081505 13488599 
6841408 3678226 10195851 11081505 13488343 
6512955 3284239 9932678 13225428 10949404 
3349775 6512956 9932679 13225684 10883868 
3349775 6512956 9932678 13225428 10753052 
6512956 3349775 9932678 13225428 10687516 
6512700 3415311 9932678 13225428 10687516 
3415568 6578237 9998214 13291220 10753052 
3480848 6578237 9932678 13290964 10753052 
3481104 6578238 9998215 13291220 10818845 
3480848 6578238 9997958 13291220 10884125 
3480848 6643775 9998215 13356757 10818845 
3481104 6643775 9998215 13356757 10884381 
3481105 6643775 9998215 13356757 10884382 
3546384 6643519 9998215 13356757 10884382 
3480848 6643519 9998215 13356757 10884382 
3546385 6643520 9998216 13356757 10949918 
3546385 6643520 9998216 13356757 11015454 
3546385 6643521 10064009 13356757 10884382 
3546641 6643521 10063753 13356757 10949918 
3546385 6643265 9998217 13356757 10949918 
3546385 6643265 9998217 13356757 10949918 
3612177 6643265 9998217 13356757 11015455 
3546385 6643265 10063753 10949919 13356757 
3611921 6643009 10063753 10949919 13356757 
3546385 6643266 10064010 10884382 13356757 
3611921 6643009 10063754 10884382 13356757 
3611921 6643010 9998218 13356757 10884382 
3611921 6643010 9998218 13356757 10884382 
3611664 6577217 9998218 13290964 10884382 
3611664 6577217 9998217 10818846 13356757 
3545872 6511424 9932424 13290964 10818845 
3480335 6445888 9866631 13225428 10687516 
3414799 6445632 9866631 13225172 10621979 
3414799 6380096 9866375 13225172 10621979 
3349263 6379839 9801095 13225171 10621979 
3349007 6379839 9800839 13225171 10621979 
3349007 6314303 9800839 13159635 10556443 
3349007 6314047 9800839 13225171 10621979 
3349007 6314048 9800839 13159635 10621979 
3283471 6314048 9800840 13225171 10556443 
3217935 6248511 9735046 13159379 10556443 
6248511 3152399 9800839 10556444 13159635 
3152143 6248511 9735047 13159379 10556443 
3217935 6248511 9800839 13159379 10556443 
3152142 6182719 9735047 13159379 10556444 
6248511 3152399 9800840 13225171 10556443 
6182719 3086606 9735047 13159379 10556443 
6182718 3086606 9735047 13159379 10556443 
6117182 3086606 9669510 13159379 10621980 
6117182 3021070 9669253 13159378 10556444 
3021070 6051646 9603717 13093586 10556444 
2955534 6051389 9603460 13093585 10556443 
2955534 6051390 9537924 13093585 10490907 
2889998 5985854 9537924 13027793 10425371 
2889998 5985597 9537924 13027793 10425371 
2889998 5920061 9537923 13027792 10359835 
2824462 5920060 9537667 13027792 10359835 
2824462 5920060 9472131 13027792 10294043 
2824462 5854524 9472131 13027536 10294299 
2824718 5854524 9472131 12962000 10228507 
2759182 5854524 9472131 12962000 10294042 
2562059 5460278 9012348 12436424 10162199 
2562060 5525815 9012348 12436425 10031382 
2496524 5525815 9012348 12436425 10031382 
2496524 5525816 9012348 12436425 9965846 
2562060 5526072 9078141 12502218 9965847 
2496524 5526072 9077884 12502218 10031383 
2496524 5591608 9078141 12502218 10031383 
2496781 5591609 9078141 12502218 10031640 
5591865 2496781 9078141 12567754 10031640 
2496781 5591865 9078141 12567754 10031640 
5591865 2496781 9078141 12567755 10031640 
2497037 5657659 9143678 12568011 10031641 
5591866 2431245 9077884 12567755 10097177 
5723451 2497037 9143677 12568011 10097177 
2497038 5723451 9078141 12568011 10162970 
2497038 5723450 9077884 12567755 10228506 
5723451 2497294 9143677 12568011 10228507 
5723451 2497294 9143677 12633547 10294299 
5723707 2431758 9143677 12633291 10228763 
2497551 5855037 9275263 12633548 10294299 
5855037 2497551 9275006 12633547 10359836 
5855037 2432015 9275006 12633291 10359836 
5855037 2431759 9275005 12633290 10294299 
5855037 2431759 9275006 12633290 10294556 
2432015 5920830 9406335 12633290 10294556 
2432015 5920830 9406335 12633290 10360092 
2432015 5921087 9537921 12698826 10360092 
2432016 5986624 9537921 12698826 10425629 
2366479 5921087 9537665 12698312 10294557 
2366479 5986624 9603457 12698311 10360093 
2366479 5921088 9537664 12632518 10360093 
2300687 9471871 5855295 12632260 10294557 
2300943 9471871 5920831 12632260 10360093 
2300943 9471871 5921088 12632003 10360349 
2300943 9537664 5921088 12631746 10491166 
2235151 9471871 5855295 12631489 10360094 
2300943 9471871 5921088 12631488 10425886 
2235151 9406078 5855295 12631230 10360350 
2235408 9471871 5921088 12631231 10425886 
2235407 9537407 12696766 5921088 10491423 
2235151 12696766 9471870 5855552 10425886 
12696509 2235408 9471870 5921088 10491679 
12630716 2169615 9340284 5723966 10426143 
12630715 2169615 9340284 5789502 10426143 
12696251 2169615 9406077 5855295 10491679 
12695995 9340284 2104079 5789502 10426142 
12695994 2104079 9340284 5789502 10491679 
12695994 2104079 9406076 5789759 10557215 
12695737 9274491 2104079 5723966 10557215 
12695737 2104079 9340283 5789758 10622752 
12695480 2104079 9274490 5723966 10622752 
12695479 2038543 9274490 5723966 10688288 
12695479 2038543 9274490 5723966 10622752 
12695222 2038543 9274234 5723966 10622752 
12629685 1972751 9142905 5658173 10753824 
12695222 2038543 9274234 5723967 10557216 
12695221 1972751 9208440 5658174 10622752 
12695221 2038543 9274234 5789759 10622752 
12695221 1973007 9274234 5723967 10688288 
12760757 1973007 9274490 5789759 10753825 
12629427 1775884 9142903 5592892 10687774 
12629427 1775884 9142903 5592893 10425629 
12629427 1775884 9208695 5658686 10491165 
12629427 1775884 9142902 5592892 10360349 
12694963 1776141 9208696 5658686 10425885 
12694963 1775885 9208695 5658429 10360349 
12694964 1776141 9274232 5658686 10425885 
12694964 1776141 9208695 5658686 10556958 
12760500 1841677 9274232 5724479 10557214 
12760500 1841677 9339768 5724479 10557215 
12760500 1841677 9274231 5658686 10557215 
12826036 1841677 9339768 5724479 10557214 
12826292 9339768 1841677 5724479 10557215 
12826292 9339768 1841677 5658943 10623007 
12826292 1841933 9405561 5790272 10622751 
12826292 9340024 1841933 5724735 10688287 
12891829 9405561 1841934 5724736 10688544 
12891829 9405561 1841933 5724736 10688544 
12957621 9471354 1907470 5856065 10754080 
12957621 9471354 1907470 5856065 10754080 
12957621 9471354 1907470 5856065 10688545 
12957622 9471354 1907470 5856065 10688545 
13023158 9536890 1907470 5856065 10688801 
13023158 9536891 1907470 5921857 10688801 
13023158 9536890 1907470 5856322 10819874 
13023414 9536890 1907470 5856321 10754338 
13023414 9536890 1907470 5856321 10754338 
13088951 9536890 1907470 5856321 10689058 
13088951 9602683 1907470 5921858 10754850 
13088951 9602683 1907470 5921858 10754850 
13154487 9602683 1907470 5921858 10754593 
13154487 9602683 1907470 5921858 10754593 
13154487 9602427 1907470 5856322 10754849 
13154487 9668219 1907470 5922114 10754849 
13154487 9602427 1907470 5921858 10689312 
13154487 9668219 1841934 5921858 10689312 
13220023 9668219 1907470 5922114 10689569 
13220024 9733756 1907470 5987907 10624033 
13220024 9733756 1907470 5987651 10624033 
13220024 9734012 1907470 6053444 10689569 
13220024 9733755 1907470 5987651 10689569 
13285816 9799548 1907726 6118980 10689825 
13285816 9799548 1907726 6053701 10755874 
13285817 9865085 1973263 6184774 10690338 
13285816 9799291 1907726 6053701 10756130 
13351353 9865084 1973519 6185030 10625057 
13351353 9865084 1973519 6185030 10625057 
13351353 9865084 1973519 6185030 10625314 
13416889 9930620 1973775 6250823 10625570 
13416889 9930619 1973519 6185286 10560290 
13482425 10061949 2039312 6251080 10560290 
13482425 9996156 1973775 6250823 10560290 
13482425 10061693 2039312 6316616 10560802 
13547961 10127485 2039312 6316616 10626850 
13547961 10127229 2039568 6316616 10692642 
13547961 10127228 2039568 6251080 10627363 
13613497 10127228 2039568 6251080 10627619 
13613497 10192764 2105104 6316616 10562339 
13613241 10192764 2039568 6250823 10628387 
13613241 10192508 2039568 6250823 10693922 
13349554 1842190 9864056 5987651 10759199 
13349554 9863799 1842189 5921857 10628383 
13415090 9863798 1842189 5921858 10431774 
13415090 9929335 1842190 5921858 10365982 
13415091 1842446 9995127 5987651 10300447 
13415091 1842446 5987651 10060664 10300959 
13415090 5921857 1842190 9929079 10366496 
13415090 1842446 5921857 9929079 10497824 
13415090 1907982 5921857 9994871 10366753 
13414834 1842190 5856064 9863286 10432544 
13546419 6250310 1974031 10454655 10433314 
13611956 6381640 2039567 10783365 10499620 
13546420 6381640 2039824 10849159 10434084 
13611956 6381640 2105360 10914953 10434341 
13611700 6381383 2039567 10914953 10434853 
13546164 6315847 2039567 10849418 10369317 
13546164 6315591 10849418 2039567 10500901 
13545907 6249798 10783625 2039567 10500644 
13545907 6184005 10717832 2039567 10566693 
13480115 6183749 10652040 2039567 10566949 
13480114 6183749 10717833 2039567 10632741 
13414321 6052420 10520454 2039567 10501668 
13348528 6052420 10520454 2039311 10632997 
13348528 6117956 10586247 2039567 10633764 
13348272 6052164 10520455 2039567 10502692 
13348272 6052164 2039567 10520711 10634533 
13282479 5986115 2039567 10454662 10634789 
13479858 11112335 5063467 8282705 1513483 
13479858 11112336 5129260 8414290 1513740 
13479602 11046799 5063724 8348496 1513740 
13413809 10981006 5063723 8282961 1447947 
13413809 11046542 5063723 8282961 1447947 
13414066 11046799 5129516 8348754 1513483 
13414066 10981007 5063723 8348753 1513483 
13414066 11046543 5129259 8348754 1513483 
11046543 13414067 5129259 8348498 1513484 
13348530 10980750 5063723 8348496 1513483 
13085358 5920064 10191491 2039311 10833185 
13150894 5920065 10191491 2039312 10833440 
13085101 5919807 10125698 2039311 10833439 
13150894 6051137 10257285 2170640 10899486 
13150894 6051138 10257284 2170896 10899486 
13216431 6051137 10322821 2170896 10965279 
13150895 6116417 10257028 2170896 11031068 
13216687 6116418 10322821 2236433 11031324 
13282224 6182210 10388614 2302225 11162653 
13282480 6313284 10519943 2433554 11228697 
13282480 10454407 6313283 2433554 11162908 
13282480 10454151 6313283 2499346 11228699 
13282481 10519943 6444356 2564883 11360537 
13348017 10519943 6509893 2630675 11295001 
13348017 10585737 6575685 2696212 11360793 
13348017 10585737 6641222 2762004 11295257 
13348017 10585480 6640966 2762004 11361049 
13347761 10585480 6640966 2827540 11426585 
13347760 10585480 6640967 2827540 11360793 
13282224 10585480 6706503 2893332 11361049 
13282224 10585480 6772039 2958869 11361049 
13281967 10585224 6772039 2958869 11295513 
13281967 10519687 6771783 3024405 11295769 
13018793 10191235 6508865 2761233 11492124 
13018793 10257027 6574402 2892562 11426842 
13084586 10322564 6640196 3023891 11295258 
13018793 10322307 6640195 3023891 11295514 
13018793 10322307 6705731 3089427 11229977 
13018794 10388099 6705732 3155220 11229977 
13084330 10388099 6771525 3221012 11229977 
13084330 10388100 6837061 3221012 11295513 
13084330 10453636 6837062 3286549 11229977 
13084330 10453636 6837062 3352085 11361306 
13150122 10519429 6968135 3417878 11361561 
13150122 10519429 6968135 3483414 11361561 
13150123 10519429 7033672 3548951 11427097 
13150123 10519429 7033672 3548951 11427097 
13150123 10519429 7098952 3614487 11492634 
13215660 10585222 7164745 3680279 11558425 
13215660 10585223 7164745 3745559 11492634 
13281453 10651016 7230282 3745560 11558170 
10716809 13347246 7296075 3811096 11558426 
13347246 10716809 7230283 3745304 11558426 
10716809 13413039 7295819 3811096 11558682 
10782602 13413040 7361356 3876376 11624218 
10848395 13478832 7427149 3942168 11624474 
10848395 13478833 7426893 3876376 11624474 
10914188 13544626 7557966 3941912 11624986 
10979725 13610419 7557966 3941656 11624987 
11045774 13742006 7689296 4007192 11690522 
10979981 13676213 7689039 4006935 11690779 
11045518 13676213 7688783 4006935 11690779 
12098718 10188403 8014647 3678230 14925257 
12230047 10123639 8211769 3744022 15056843 
12164255 10123639 8211512 3809558 14991050 
12032925 10057588 8145719 3743765 14925000 
12098718 10057846 8342583 3875094 14925001 
12164255 10123640 8408376 4006166 14990793 
12098718 10123382 8277047 3940630 14925000 
12098718 10123125 8277047 4006166 14925000 
11045518 13610677 8017235 4465688 11691037 
11045518 13610677 8017235 4465688 11691037 
12164255 10123126 8342583 4006166 14924744 
10979981 13610420 8016978 4465688 11691294 
11045517 13544884 8016978 4465688 11691038 
10913932 13479090 7950928 4399895 11691294 
10979725 13544627 8016722 4465687 11625502 
10979725 13544627 8016722 4465687 11625245 
10913675 13479090 7885391 4399894 11756574 
10913932 13479091 7885392 4400151 11690782 
10913932 13479091 7950929 4465687 11691038 
10913932 13479091 8016465 4465687 11690781 
10913675 13479090 7950672 4399894 11625246 
10848139 13478834 7885136 4399894 11691038 
10848139 13478834 7885136 4399895 11691038 
13413298 10782346 7884878 4399894 11756831 
10913676 13544627 7885136 4399894 11691295 
10913676 13610421 7950672 4334359 11691295 
11045519 13742007 8016979 4465687 11691295 
10979470 13676471 7950929 4399895 11757343 
11111055 13742264 8016979 4400152 11625758 
12164257 10188405 8276534 3875094 14925514 
12229793 10188661 8276791 3875094 14991051 
10848138 13676213 7622988 3875092 11624731 
12163740 9991795 8079924 3546899 14860233 
12163741 9992052 8079924 3546899 14859977 
12163741 9991795 8014388 3546899 14859978 
12163741 10057588 8079925 3612435 14860234 
12098204 9991538 7948595 3481363 14794441 
12098205 10057330 8014132 3546900 14794441 
12032668 9991536 7948339 3481364 14794441 
10913931 13742263 7754062 3940885 11296796 
12098205 10122610 8079667 3547156 14794698 
12163998 10123123 8079924 3547157 14860491 
12032413 10122351 7948338 3481620 14794442 
12229534 10188660 8145460 3547157 14860492 
12163998 10188402 8079668 3547413 14794699 
12229535 10188660 8145460 3547413 14860492 
12163742 10122609 8079667 3481877 14794698 
12229534 10188402 8145203 3547413 14860235 
12097949 10122352 8079410 3547157 14728906 
10979211 13873593 7753547 3941141 11428381 
12229278 10122866 8145203 3547414 14794699 
12032156 8013618 10122093 3547157 14728648 
12032156 8013618 10122093 3547157 14728648 
10979211 13939130 7688267 4006678 11427870 
11110540 14070460 4072214 7754061 11296286 
11044747 14004923 4006678 7688268 11296286 
12031900 7948081 10187371 3547157 14728392 
11044747 14004924 3941142 7688011 11296542 
11110540 3875606 14136254 7688268 11230750 
11703449 7553840 10251615 3284756 14662343 
11637656 7488047 10251357 3284756 14596806 
10913673 3547925 7491401 13873594 10835736 
10913673 3613717 7557195 13939130 10638872 
10913416 3613717 13873593 7491402 10442264 
10979209 3679254 13939130 7557196 10442520 
10979209 3679254 13939386 7557452 10442264 
10978953 3679254 13939386 7622988 10442264 
11044745 3679254 13939386 7622988 10376472 
10978952 3679254 13939130 7557195 10508056 
10978952 3744790 13939130 7622731 10508312 
11110282 3810583 14004923 7688781 10508057 
11110282 3810583 14004923 7688525 10639385 
11044489 13939130 3875862 7622731 10770713 
11044489 14004666 3941655 7688268 10705433 
11110282 4072727 14004923 7754061 10771482 
11110282 14004923 4007191 7688268 10771226 
11110282 14070459 4072727 7819596 10968346 
11110282 14070459 4072983 7819596 10902553 
11176075 14070460 4138520 7885134 10968090 
11176075 14070460 4204055 7885133 11034138 
11176076 14070460 4204055 7950670 11034395 
11176076 14135996 4269591 8016463 11099930 
11307662 4335128 14201790 8147793 11034907 
11241869 14135997 4269591 8081744 11100187 
11307406 14135997 4335128 8081744 11100442 
11439505 4400921 8344917 14398913 11100442 
11373456 4400921 8279124 14267327 11165978 
11439506 4532250 8410710 14398656 11297306 
11307919 14267069 4531993 8278868 11362586 
11373456 4597785 14201277 8344918 11362586 
11307919 4597785 14266813 8344661 11428634 
11176590 4400150 14201276 8147537 11625754 
11176590 4400406 14266556 8147537 11626011 
11176333 4400149 14201019 8147280 11691803 
11241870 4400150 14266556 8147537 11625755 
11307663 4465942 8278867 14332349 11626011 
11242127 4465942 8278867 14397628 11625755 
11242127 4465942 8278867 14397628 11691803 
11242126 4465942 8213330 14397628 11691804 
11242126 4465942 8213073 14397628 11691804 
11241870 4465686 8212816 14397628 11757340 
11176334 4531222 8213072 14397628 11757340 
11110541 4465685 14331578 8147022 11757596 
11176077 4531222 8212558 14397114 11888925 
11110541 4531221 14331322 8212558 11889181 
11110541 4531221 8212301 14331322 11955229 
11110284 4531221 14331321 8146507 11955228 
11110028 4531221 14331322 8146506 12087070 
11110284 4596756 14331322 8212043 12021279 
10978443 8079938 14265785 4399635 12416546 
11110028 14265786 4596500 8211785 12086814 
11110284 4662292 14331579 8277323 12021278 
11044235 8276548 14331322 4530963 12416802 
11175564 4727827 14397115 8277322 12087327 
11175564 4727828 14397115 8342858 12021791 
11175564 4727827 8277322 14462652 12087583 
11109515 8276547 14396859 4596242 12417314 
11241101 4793363 8342859 14462908 12087583 
11175308 8342340 4596498 14462909 12417314 
11241101 4793363 8408395 14528445 12153119 
11241358 4727827 8408652 14528190 12086813 
11043978 8144701 4005904 14396859 12810526 
11044234 8210238 4071440 14396859 12679198 
11109771 8276031 4202512 14462395 12679454 
11175563 8341825 4268048 14462395 12613662 
11307149 4596498 8474188 14593725 12152346 
11372942 4662035 8540238 14593725 12152090 
11373199 4727827 8606033 14659518 12086298 
11372942 4727571 8540239 14659518 12086554 
11372943 4727827 8605776 14659519 12152091 
11372942 4727571 8540238 14659519 12152347 
11372942 4662035 8539982 14659519 12217883 
11372943 4727571 8605518 14659518 12218140 
11306637 8473154 4399377 14593726 12679712 
11241100 8472896 4399377 14593725 12745505 
11306637 8472897 4399377 14593982 12745249 
11306636 8407103 4333841 14528190 12810785 
11306636 8472896 4333842 14528446 12745505 
11306380 8407103 4333841 14528446 12745762 
11372173 8472897 4399634 14593982 12810785 
11372173 8472640 4333842 14593982 12810785 
11372173 8472897 4399634 14593983 12745249 
11437709 8472641 4334098 14593983 12744992 
11437709 8472640 4333842 14593983 12744736 
11437709 8472897 4333842 14659775 12744992 
11437709 4334098 8472897 14594239 12744993 
11700881 4662292 8736592 14791105 12020507 
11503246 8472640 4268562 14659775 12745250 
11569038 4334098 8538433 14659776 12745249 
11766417 4596755 8736592 14791362 12086299 
11766673 4597012 8867921 14856898 12020251 
11766672 4531475 8867921 14791362 11954458 
11766415 4465682 8736335 14791361 12019994 
11766415 4465682 8736335 14791362 11954458 
11766415 4465426 8802127 14791362 11954714 
11831951 4465426 8736335 14791362 11954458 
11831694 4399890 8670542 14791361 11954201 
11634060 4071440 8406846 14659776 12744737 
11634316 4137232 8472382 14659776 12744480 
11634060 4137233 8472382 14659776 12810272 
11634060 4071440 8406845 14659776 12810529 
11634060 4071440 8406589 14659776 12810529 
11633804 4136976 8406845 14659776 12744992 
11633803 4136977 8406845 14594240 12811042 
11633803 8341052 4136976 14594496 12876577 
11633547 8341051 4136977 14660033 12876834 
11633546 8340795 4071440 14594497 12941857 
11633290 8275258 4071440 14594497 12942370 
11633290 8275257 4005648 14594496 12942113 
11633290 8209721 4071184 14594753 12942369 
11633033 8209720 4005648 14528960 12876577 
11567240 8209720 4005648 14528960 12876578 
11633033 8209720 4005648 14529217 12942113 
11566984 8144183 4005648 14463424 12942369 
11566983 8078390 4005392 14463424 12942370 
11632520 8143926 4005392 14463681 12942626 
11632520 8144183 4005648 14463681 12942626 
11566983 8144183 4005648 14463681 13008162 
11632520 8143926 3940112 14463937 12942627 
11566983 8078390 3939856 14463938 12942628 
11566984 8078645 3939856 14463938 12942883 
11304323 7815729 3480845 14201277 12942366 
11304323 7815984 3546381 14201533 12876831 
11304324 7881521 3611917 14201534 12811552 
11304580 7881521 3677453 14201790 12811809 
11304580 7881521 3677453 14201534 12746274 
11304581 7947057 3677453 14201791 12746274 
11370117 7947313 3743245 14201791 12746275 
11370373 7947313 3743246 14202048 12811812 
11370631 8012850 3809038 14202305 12811812 
11370888 8013106 3809038 14267841 12877347 
11305351 7947313 3743502 14202305 12877347 
11305352 8012849 3809038 14202305 12877348 
11305352 8013105 3809038 14267841 12877347 
11305609 8078641 3874575 14268098 12877605 
11305865 8013105 3874575 14268355 12812069 
11305608 7947312 3809039 14202819 12811812 
11305609 7947312 3743502 14202819 12811812 
11305608 7947568 3809295 14202819 12877604 
11240072 7947568 3743503 14202819 12877348 
11240072 7816239 3677967 14202819 12811555 
11240073 3809295 7947568 14203076 12877348 
11305865 3809295 7947569 14203076 12877349 
11305352 7947311 3809039 14203076 12877349 
3809295 11305352 8013104 14203076 12943141 
11239816 7881775 3809039 14203076 12877093 
7881774 11239558 3743503 14137283 12942885 
7816238 11173766 3743503 14202819 12942885 
3809295 7947568 11239816 14203076 12942886 
3809295 7947312 11239559 14202820 12943142 
3809295 7947312 11239560 14202820 12877606 
