3087903 6295824 8938843 3763364 14335157 
3087903 6295824 8938843 3828900 14335157 
3087903 6295824 8938843 3763364 14335157 
3087903 6295824 8938844 3763364 14335413 
3087903 6295824 8873307 3763364 14335157 
3087903 6295824 8873307 3828899 14335157 
3087903 6295824 8873051 3828899 14335157 
3936786 5979192 10253931 3763621 14927809 
3088159 6230288 8873307 3763106 14400693 
3936786 5978936 10188395 3763364 14927809 
3088159 6230288 8938844 3763106 14400693 
3088159 6230288 8939100 3762849 14466486 
3088159 6230288 9004636 3762849 14466486 
3936787 6176056 10254188 3762850 15059138 
3088159 6230288 9070429 3762592 14532278 
3088159 6230287 9004636 3762593 14532277 
3088159 6164751 9070428 3762592 14597814 
3936787 6307128 10319724 3697057 15059137 
3088159 6164495 9070429 3696800 14597814 
3088159 6164495 9070429 3696799 14597813 
3088160 6164495 9070172 3696799 14597814 
3088160 6164495 9070172 3696799 14597813 
3088160 6164495 9070172 3696799 14597557 
4002580 6569785 10451310 3631263 15190210 
3088159 6164495 9070172 3696799 14597557 
3088159 6164495 9070172 3631263 14597556 
3088159 6164496 9070172 3631263 14597556 
3088159 6230032 9070172 3631263 14597556 
3088159 6230032 9070172 3631263 14597557 
4002580 6635321 10451311 3631263 15124674 
3088159 6230287 9070173 3697055 14597813 
3088159 6230287 9070173 3697055 14597813 
3088159 6230031 9004636 3697055 14532021 
3936787 6372663 10319725 3697312 14993345 
3088160 6164495 9004379 3762848 14466228 
3088159 6230031 8938843 3762848 14400692 
3936787 6307128 10319725 3697570 14993601 
3022624 6230287 8938587 3763105 14334899 
3936530 5978935 10188139 3697828 14927552 
3022624 6164495 8938586 3763107 14269106 
3022624 6230287 8938586 3763363 14269362 
3936273 5716279 10122345 3763622 14861759 
3936529 5716279 10187881 3763879 14861759 
3088160 6230031 8873050 3763621 14203313 
3022624 6230031 8872794 3763621 14137776 
3022623 6230288 8873050 3763622 14203313 
3022367 6230288 8872794 3763623 14137520 
3022367 6230288 8807258 3763879 14137520 
3022367 6230288 8807258 3763879 14137520 
3022367 6230288 8807257 3763880 14071727 
3871508 6570041 10386032 3763880 14993344 
2956830 6230288 8741721 3763880 14071470 
2956574 6230288 8741465 3763880 14005933 
2956574 6230288 8741465 3763880 14005677 
2956574 6164752 8675929 3763880 13939884 
2956574 6230288 8675929 3763880 13939883 
2956574 6230288 8675929 3764136 13939883 
3870994 6044470 10122860 3764138 14664122 
2956830 6164751 8675929 3763880 13874347 
2956830 6164752 8741465 3763880 13874347 
2956830 6164495 8741465 3763880 13874090 
2956831 6164495 8741721 3763880 13874090 
2956831 6164495 8741721 3763880 13874090 
2956831 6164495 8741721 3763880 13939626 
2956831 6164495 8741722 3763879 13939883 
3022367 6164495 8741722 3763879 14005676 
3022367 6164495 8741722 3763879 14005676 
3022367 6164495 8741722 3763623 14005676 
3022367 6098959 8807258 3763622 14005676 
3022367 6098959 8807258 3763622 14005677 
3022623 6098702 8807258 3763622 14005677 
4067086 5125428 9727588 3829673 14400692 
3022624 6098959 8807258 3763621 14071469 
4067086 5190964 9727845 3763880 14400949 
3022624 6098959 8807258 3763364 14071470 
3022624 6098959 8807258 3763364 14071470 
3088160 6098702 8807258 3763364 14071727 
4067087 5256501 9859174 3763878 14598328 
3088416 6098702 8872794 3763364 14137519 
3088416 6098702 8873050 3763364 14137776 
3088416 6098702 8873050 3763363 14203312 
3088417 6098702 8873050 3763107 14203569 
3088417 6098702 8873051 3763107 14269362 
3088416 6098702 8873307 3763107 14334899 
4132623 5256758 9925223 3763621 14795965 
3088417 6098702 8938843 3763107 14335156 
3154209 6098702 8938844 3763106 14400692 
3154209 6098702 8938844 3763106 14400692 
3088673 6098702 8938844 3763106 14400692 
3088673 6098702 8939100 3763106 14400949 
3088673 6098702 8939100 3762850 14466485 
3088673 6098702 8939100 3762849 14466485 
3088673 6098702 9004636 3762849 14466485 
3088673 6098702 9004636 3762849 14466485 
3088673 6098702 9004636 3762849 14466485 
4132623 5322550 9991016 3763364 14927551 
4132623 5388086 9991016 3763364 14927551 
3088673 6098702 8938844 3762849 14466485 
3088416 6098703 8938843 3762849 14466484 
3088416 6098703 8938843 3762849 14400692 
3088673 6098703 8938844 3762849 14466484 
3088417 6098703 8938843 3762849 14466484 
4132879 5453622 9991273 3763107 14927551 
3153953 6098703 8939100 3762849 14466485 
3153953 6098702 8873307 3762849 14466484 
4132879 5453622 9925481 3763364 14927550 
3153953 6098702 8873308 3762850 14532021 
3153953 6098703 8873308 3762850 14532021 
3153953 6098703 8873307 3763106 14532021 
3153953 6098703 8873564 3762850 14532277 
3154209 6098702 8873308 3762850 14466485 
4132623 5388085 9859688 3763364 14927294 
3154209 6098702 8873307 3763106 14532020 
3154209 6098702 8873307 3763106 14532021 
3088673 6098702 8873307 3763106 14532020 
3154209 6098702 8873307 3763106 14532020 
3153953 6098703 8873307 3763106 14532020 
3153953 6098703 8873307 3763106 14532021 
4132623 5322293 9859688 3763365 14927294 
4132623 5322293 9859688 3763365 14927294 
3088416 6098702 8807515 3762851 14400691 
4132623 5387829 9859688 3763364 14861501 
3088416 6098702 8807771 3762850 14400691 
4132622 5322036 9793895 3763364 14861500 
3088416 6098702 8873308 3762850 14466484 
4132623 5387829 9859688 3763364 14927293 
2757907 8220022 5518125 14530735 11195891 
2757907 8285559 5518125 14530735 11195891 
2757907 8285559 5518126 14530735 11195891 
2757907 8285559 5518126 14530735 11195891 
2757907 5583661 8220022 14596272 11195891 
2758163 5649198 8285559 14596528 11195891 
2758163 5649198 8285559 14596528 11195891 
2758163 5583662 8285558 14596272 11195891 
2758163 5649198 8285558 14596272 11195891 
3152149 8615040 6505794 14727857 11261428 
2758163 5583662 8220022 14596272 11195891 
2758163 8285558 5649198 14596528 11195635 
3152149 8615040 6505794 14727857 11261428 
2758163 8285559 5649198 14596528 11195891 
3152150 8615040 6505794 14727858 11261428 
2758164 8285559 5649455 14596528 11195891 
2758163 8285559 5649198 14596528 11195891 
2758164 8285559 5649455 14596528 11195891 
2758164 8285559 5649455 14596528 11195891 
2758163 8285559 5649455 14596528 11195891 
2758163 8285559 5649455 14596528 11195891 
2758163 8285559 5649455 14596528 11195891 
2758163 8285559 5649198 14596528 11195891 
2758163 8285559 5649454 14596528 11195891 
3151893 8615039 6440001 14727857 11261428 
3152150 8615040 6571330 14728114 11261428 
3152150 6703172 8615298 14728114 11261428 
2758164 8285558 5649455 14596528 11195891 
2758163 8285558 5583662 14596528 11195891 
3152150 6768966 8681091 14728114 11261684 
3152150 6768966 8681091 14728114 11261684 
2757907 8285558 5517870 14596272 11195891 
2757907 8285302 5518126 14596272 11195891 
2758163 8285558 5583662 14596272 11195891 
2758163 8285558 5518126 14596272 11195891 
2757907 5518126 8285558 14596272 11195891 
2757907 5518126 8285558 14596271 11195891 
3152150 8680834 6637637 14727858 11261684 
2758163 8285558 5518126 14596272 11261427 
3217686 6703430 8746627 14793650 11261684 
3217686 6703431 8746627 14793650 11261684 
3217686 6703431 8746627 14728114 11261684 
2758163 8285558 5517870 14596272 11195635 
3217686 6703431 8746627 14728114 11261684 
3217686 6703430 8681091 14728114 11261684 
2758163 8285558 5518126 14596272 11195635 
3217686 6703431 8746627 14728114 11261684 
2758163 8285558 5517870 14596272 11195635 
3217686 6703431 8746627 14728114 11261428 
3217686 6703431 8746627 14728114 11261428 
3217686 8746627 6637894 14728114 11261428 
3217686 6637895 8746627 14727857 11261684 
3217686 6703431 8681091 14727857 11261684 
3217686 6768967 8681091 14727857 11261684 
3152150 8549505 6571587 14596528 11195891 
3152150 8615041 6637380 14596528 11195891 
2757907 8285302 5518126 14530478 11195891 
2758163 8285558 5583663 14530478 11195891 
3152150 6703174 8615299 14662320 11195892 
3152150 6703430 8615299 14662320 11195892 
3152150 6768966 8681091 14662321 11195892 
3217686 6768966 8681091 14662321 11195892 
2823700 8220023 5649455 14530735 11195891 
2758164 8220022 5583663 14596271 11195635 
3152150 6703173 8615299 14728114 11195892 
3152150 6703173 8615299 14728114 11195892 
3152150 6768966 8615555 14728114 11195892 
3152150 6768967 8681092 14728114 11195892 
2758164 8220022 5583663 14596528 11195635 
3152150 6703430 8615555 14728370 11195892 
2758164 8220022 5583663 14596528 11195635 
3152150 6703174 8681091 14728370 11195892 
3152150 6703430 8615555 14728370 11195892 
3152150 6637638 8615299 14728370 11195892 
2758164 8220023 5518127 14596785 11195635 
3152150 8549248 6505794 14728114 11195891 
2758164 8285559 5583663 14596785 11195635 
3087893 4995888 9860198 4814520 14797772 
3087893 4995889 9860198 4814520 14797772 
3022357 4995889 9860198 4814521 14863564 
3022100 4930353 9860198 4814520 14863564 
3022356 4995889 9860455 4814520 14863821 
3022356 4930353 9860455 4814520 14863565 
3022356 4930097 9860455 4814520 14929357 
3022357 4995889 9860455 4814520 14929357 
3022357 4995889 9860455 4814520 14863821 
3022356 4995889 9860455 4814520 14863821 
3022357 4995889 9860456 4814520 14929358 
3022356 4995889 9860455 4814520 14863821 
3022356 4995889 9860455 4814521 14863821 
3022356 4995889 9860455 4814521 14863822 
3022356 4995889 9860455 4814520 14863821 
3022356 4995889 9860455 4814520 14863565 
3022356 4995889 9860455 4814520 14863565 
3022356 4995889 9860455 4814520 14863565 
3022356 4995889 9860455 4814520 14863565 
3022356 4995889 9860455 4814520 14863565 
3022356 4930097 9794919 4814520 14863565 
3022356 4995889 9794920 4814520 14863821 
3022356 4995889 9794920 4814520 14863821 
3022356 4995889 9795176 4814520 14929614 
3022356 4930353 9795176 4814521 14929358 
3022356 4930097 9794920 4814521 14863821 
3022356 4930097 9794920 4814521 14863821 
3022356 4930097 9794920 4814520 14863821 
3022356 4995889 9794920 4814520 14929358 
3022356 4995889 9794920 4814777 14929358 
3022356 4995889 9794919 4814776 14929358 
3022356 4995889 9794919 4814776 14863821 
3022356 4995889 9794662 4814776 14863821 
3022356 4995889 9794662 4814776 14929357 
3022356 4995889 9794662 4814776 14863564 
3022356 4995889 9794919 4814776 14995407 
3022356 4995889 9794920 4814776 14995150 
3022356 4930097 9794663 4814521 14798028 
3022356 4930097 9794919 4814521 14798028 
3022357 4930353 9860456 4814521 14863821 
3022356 4930097 9860456 4814521 14863821 
3022356 4930353 9860456 4814521 14863821 
3022357 4930353 9860456 4814521 14863821 
3022357 4930353 9860456 4814521 14863821 
3022357 4930353 9925992 4814521 14929614 
3022357 4930353 9925993 4814521 14929614 
3022357 4930353 9925993 4814521 14929614 
3022357 4995889 9926249 4814521 14929614 
3022357 4930353 9926249 4814521 14929614 
3022357 4930353 9926249 4814521 14929614 
3022357 4930353 9926249 4814521 14995407 
3022357 4930353 9926249 4814521 14929614 
3022357 4930353 9925992 4814520 14929358 
3022357 4930353 9925992 4814520 14929358 
3087893 4995889 9926249 4814520 14929614 
3087893 4995889 9926248 4880056 14929358 
3087893 4995889 9926249 4880056 14929614 
3087893 4995889 9926248 4880056 14863822 
3087893 4995889 9926248 4880056 14929614 
3087893 4995889 9925992 4880056 14929614 
3087893 4995889 9926248 4880056 14929614 
3087893 4995889 9925992 4880056 14929614 
3087893 4930353 9925992 4880056 14929614 
3087893 4930353 9925992 4880056 14929614 
3087893 4995889 9925992 4880056 14929614 
3087893 4995889 9926248 4880056 14995150 
3087893 4930353 9926248 4880056 14929614 
3022357 4930353 9926248 4880056 14929614 
3022357 4930353 9925992 4880056 14929614 
3022357 4930353 9925992 4880056 14929614 
3087893 4995889 9926248 4880056 14929614 
3087894 4995889 9991784 4880056 14929614 
3087893 4995889 10057321 4880056 14995407 
3087894 5061681 10123114 4880312 15126737 
3087894 5061681 10122857 4880313 14929099 
3087894 4995889 9991527 4880313 14863048 
3087894 4995889 9991527 4880312 14863048 
3087894 4995889 9991270 4945592 14862792 
3087893 4995889 9991270 4880055 14796998 
3087894 5061681 9925734 4880056 14731205 
3087893 4996144 9925734 4880056 14731205 
3087893 5061681 9925735 4880056 14796741 
3022357 4995889 9925991 4880056 14796998 
3022357 4995888 9925991 4880056 14796999 
3022357 4995888 9925991 4880056 14796999 
3022357 4995888 9925991 4880056 14797255 
3022357 5061424 9925991 4880056 14797255 
3022357 4995888 9925991 4880056 14796999 
3022357 4995888 9925991 4880056 14796998 
3022357 4995888 9925991 4880056 14796998 
3022357 4995888 9925991 4945592 14796998 
3022357 4995888 9925991 4945592 14862790 
3022357 4995888 9925991 4945592 14862790 
3022357 4995888 9925991 4945592 14796998 
3022357 4995888 9925991 4880056 14796998 
3022357 4995888 9925991 4880056 14796998 
3022357 4995888 9925991 4880056 14796998 
3022101 4995888 9925991 4814520 14731462 
3022101 4995888 9925991 4814520 14796998 
3022357 4995888 9925991 4814520 14796998 
3022101 4995888 9925991 4814520 14796998 
3022357 4995888 9925991 4814520 14796998 
3022357 4995888 9925991 4814520 14731462 
3022100 4930096 9925991 4814520 14731462 
3022100 4930096 9925991 4814520 14731462 
3022100 4930096 9925991 4814520 14731461 
3022100 4995888 9925991 4814520 14796997 
3022100 4930096 9925991 4814520 14731205 
3022100 4930096 9925990 4814520 14731205 
3022100 4995888 9925991 4814520 14731205 
3022100 4995888 9860198 4814520 14731205 
3022100 4995632 9860198 4814520 14731205 
3022100 4930352 9925477 4814520 14731205 
3022100 4930096 9925477 4814520 14731205 
3022100 4995888 9991013 4814520 14796997 
3022100 4995888 9991269 4814520 14731205 
3022356 4930352 10056805 4814520 14796998 
3022356 4930352 10056806 4814520 14796998 
3022356 4930096 10057062 4814520 14796998 
3022356 4930096 10057062 4814520 14796998 
3022356 4930096 10056806 4814520 14796998 
3022356 4930096 10056806 4814520 14796998 
3022356 4930352 10056806 4814520 14796998 
3022356 4995888 10057062 4814520 14796999 
3022356 4995888 10057062 4814520 14796999 
3022356 4995888 10057062 4814520 14796998 
3022356 4995888 10057062 4814520 14796998 
3022356 4995888 10057062 4814264 14796999 
3022356 4995888 10057062 4814264 14731462 
3022356 4995888 10057062 4814264 14731462 
3022356 4930352 10057062 4814264 14731462 
3022356 4995888 10057062 4814264 14796742 
3022356 4930352 10056806 4814263 14731205 
3022356 4930352 10056806 4814519 14796997 
3022356 4930352 10056806 4880055 14796997 
3022356 4930352 10056806 4814519 14796997 
3022356 4995889 10057062 4880055 14796998 
3022356 4930353 10057062 4880055 14796998 
3022356 4995889 10057062 4880055 14796998 
3022356 4995889 10057062 4880055 14796998 
3022356 4930353 10057062 4880055 14797255 
3022356 4930353 10057062 4880055 14862791 
3087892 4930353 10057062 4880055 14862791 
2495505 4990497 8737356 8288394 13877184 
2495505 4990497 8671820 8288394 13877184 
2495505 4990497 8672076 8288395 13877185 
2495505 4924961 8672076 8353931 13877185 
2495505 4924961 8672076 8354187 13877441 
2495505 4924962 8737612 8288395 13877441 
2495249 4859426 8737356 8288395 13877441 
2495249 4859426 8737612 8288395 13877441 
2495249 4859426 8737612 8288395 13943234 
2495249 4859426 8737612 13943234 8222859 
2495249 4859426 8737612 8222859 13943234 
2495249 4859427 8737612 8222859 13943234 
2495249 4859426 8737356 8288395 13943234 
2495249 4859426 8737612 13943234 8288395 
2495249 4859426 8737612 8288395 13943234 
2495249 4859426 8737612 8288395 13943234 
2495249 4859426 8737612 13943234 8288395 
2495249 4859426 8737612 13943234 8288395 
2495249 4859426 8737612 13943234 8288395 
2495249 4859427 8737612 13943234 8288395 
2495249 4859426 8737612 13943233 8288395 
2495249 4859427 8803148 13942977 8222859 
2495249 4859427 8803148 13942977 8222859 
2495249 4859426 8803148 13942977 8222859 
2495249 4859426 8737612 13942977 8288395 
2495505 4924963 8803148 13943233 8288395 
2495249 4859427 8803148 13943233 8222859 
2495249 4859426 8737613 13943233 8222859 
2495249 4859426 8737613 13943234 8222860 
2495249 4859426 8737612 8288395 13943234 
2495249 4859426 8737613 13943234 8288396 
2495249 4859426 8737612 13943234 8222859 
2495249 4859426 8737612 13943233 8222859 
2495250 4859427 8737612 13943233 8222859 
2495250 4859427 8737612 13943233 8222859 
2495249 4859427 8737612 13943233 8222859 
2495250 4859427 8803148 13942977 8222859 
2495250 4859427 8737612 13942977 8222859 
2495250 4859427 8737612 13942977 8222859 
2495250 4859426 8737612 13943233 8222859 
2495250 4859427 8737612 13943234 8222859 
2495250 4859427 8737613 13943234 8222859 
2495249 4859426 8737356 13943234 8222859 
2495249 4859426 8737612 13943234 8222859 
2495249 4859426 8737356 8288395 13943234 
2495249 4859426 8737612 8288395 13943234 
2495250 4859426 8737356 8288395 13943233 
2495506 4859426 8737612 13943233 8222859 
2495506 4859426 8737612 13943233 8288395 
2495506 4859426 8737612 8288395 13943233 
2495505 4859426 8737612 13943233 8288395 
2495506 4859426 8737612 8288395 13943233 
2495506 4859426 8737356 8288395 13943233 
2495249 4859426 8737356 8288395 13943234 
2495506 4859426 8737356 8288395 13943234 
2495506 4859426 8737612 8288395 13943234 
2495250 4859426 8737612 8288395 13943234 
2495250 4859426 8737612 8354187 13943234 
2495250 4859426 8737612 8288395 13943234 
2495506 4924963 8737612 8288395 13943233 
2495506 4924962 8672076 8288395 13943233 
2495506 4924962 8672076 13943233 8288395 
2495506 4859426 8672076 13943233 8288395 
2495506 4924962 8737612 13877697 8288395 
2495505 4859426 8672076 13943233 8288395 
2495505 4859426 8672076 8288395 13943233 
2495505 4859426 8672076 13943233 8288395 
2495505 4859426 8737612 13877697 8288395 
2495505 4859426 8737612 13943233 8288395 
2495505 4924962 8737612 13943233 8288395 
2495505 4859426 8737612 13943233 8288395 
2495506 4924962 8737612 13943233 8288395 
2495506 4924962 8737612 13943233 8288395 
2495506 4924962 8737612 13943233 8288395 
2495505 4924962 8737612 13943233 8288395 
2495505 4859426 8737612 13943233 8288395 
2495505 4859426 8737612 13943233 8288395 
2495505 4924962 8737613 13943233 8288395 
2495505 4924962 8737613 13943233 8288395 
2495505 4924962 8737613 13943233 8222859 
2495505 4924962 8737612 13943233 8222859 
2495505 4924962 8737613 13943233 8288395 
2495505 4859426 8737612 13943234 8288395 
2495505 4924962 8737613 13943234 8288395 
2495505 4924962 8737613 13943233 8288395 
2495505 4924962 8737613 13943234 8288395 
2495505 4859426 8737612 8288395 13943234 
2495505 4924962 8737613 13943234 8288395 
2495505 4924962 8737613 8288395 13943234 
2495505 4924962 8737612 8288395 13943234 
2495505 4924962 8737613 13943233 8288395 
2495505 4924962 8737613 13943234 8288395 
2495505 4924962 8737612 8288395 13943233 
2495505 4924962 8737612 13943233 8288395 
2495505 4859426 8737613 13943233 8288395 
2495505 4924962 8737613 13943233 8288395 
2495505 4859426 8737612 13943233 8288395 
2495505 4859426 8672077 13943234 8288395 
2495505 4924962 8803406 13943233 8288396 
2495505 4859426 8868942 13943233 8288396 
2495505 4859426 8934735 13943233 8288396 
2495249 4859426 8934991 13943233 8288396 
2495505 4859426 8934735 13943233 8288396 
2495505 4859426 8934735 13943233 8222860 
2495249 4859426 8869198 13943234 8288652 
2495249 4859426 8869198 13943233 8288396 
2495249 4859426 8868941 13943234 8288652 
2495249 4859426 8868941 13943233 8288396 
2495249 4859426 8868941 13943234 8288396 
2495249 4859427 8868941 13943234 8288396 
2495249 4859426 8868941 13943234 8288652 
2495249 4859426 8868941 13943234 8288396 
2495249 4859426 8868941 13943234 8288396 
2495249 4859426 8868941 13943234 8288396 
2495249 4859426 8868941 13943234 8354188 
2495249 4793890 8868941 13943234 8353932 
2495249 4793890 8868941 13943490 8354188 
2495249 4793890 8868941 13943490 8354188 
2495249 4793890 8868941 13943490 8354188 
2495249 4859427 8868941 13943490 8288652 
2495249 4859427 8868941 13943490 8288396 
2495249 4859427 8868941 13943490 8288396 
2495249 4859683 8868942 13943490 8222860 
2495249 4793891 8868941 13943490 8288652 
2495249 4859426 8737612 13943491 8288396 
2495249 4793890 8671819 13943491 8288396 
2495249 4859426 8803148 13943490 8222860 
2495249 4859427 8868940 13943490 8157324 
2495249 4859683 8868941 13943490 8222860 
2495249 4859683 8868941 13943490 8222860 
2495249 4859427 8868941 13943490 8222860 
2495505 4859683 8868941 13943490 8222860 
2495249 4859427 8803405 13943490 8222860 
2495505 4859683 8868941 13943234 8222860 
2495505 4859683 8868940 13943233 8222859 
2495505 4925219 8868940 13943233 8157323 
2495505 4859683 8868684 13943233 8157067 
2495505 4859683 8868684 13943233 8157067 
2495505 4859683 8868940 13943233 8157067 
2495505 4859683 8868940 13943233 8157067 
2495505 4859427 8868940 13943233 8157067 
2495505 4859427 8868940 13943233 8222860 
2495505 4859683 8868940 13943233 8157324 
2495506 4859427 8868940 13942977 8157324 
2495505 4859427 8868940 13943233 8157324 
2495505 4859427 8868940 13943233 8157324 
2495506 4924963 8868940 13942977 8157068 
2495505 4859426 8803404 13943233 8222860 
2495505 4859426 8868940 13943233 8157067 
2495505 4925219 8868940 13943233 8222860 
2495505 4925219 8868940 13943233 8222860 
2495505 4925219 8868940 13943233 8222860 
2495505 4925219 8868940 13943233 8222860 
2495506 4925219 8868940 13943233 8157324 
2495506 4925219 8868940 13943233 8157324 
2495505 4925219 8868941 13943233 8157324 
2495505 4925219 8868941 13943233 8157324 
2495505 4859683 8868941 13943233 8222860 
2495506 4925219 8869198 13943233 8222860 
2495506 4925219 8934477 13942977 8157324 
2495506 4925219 8934734 13877441 8157324 
2626578 5187877 9658456 13811391 6910352 
2561042 4925219 9066063 13877441 8222860 
2561042 4925219 9066319 13877441 8222860 
2495506 4925218 9066318 13877183 8157324 
2561042 4925219 9066319 13877183 8222860 
2561042 4925219 9000783 13877183 8222860 
2561042 4925219 9000783 13877183 8222860 
2561042 4990755 9131855 13877183 8091532 
2561042 4925219 9066319 13877183 8157068 
2561042 4925219 9066319 13877183 8157068 
2561042 4990755 9066319 13877183 8157324 
2561042 4990755 9066319 13877183 8157324 
2626578 5187877 9592919 13745597 7041680 
2561042 4925219 9131855 13877183 8157324 
2561042 4925219 9131855 13877183 8222860 
2561042 4925219 9131855 13877183 8222859 
2561042 4925219 9131855 13877184 8222860 
2495250 4925219 9131855 13877184 8222859 
2495249 4859427 8934733 13942976 8288395 
2495249 4859426 8737613 13942976 8419723 
2495249 4924963 8869198 13942719 8288396 
2495249 4859427 8869198 13942719 8288396 
2429713 4859426 8803405 13942719 8288395 
2429713 4859426 8737612 13942719 8288395 
2429713 4859170 8737612 13942719 8288395 
2429713 4859426 8737612 13877183 8288395 
2429713 4859426 8737612 13942719 8288395 
2429713 4859426 8737612 13876926 8222859 
2429713 4859426 8737612 13876926 8222859 
2429713 4793634 8737612 13876927 8288395 
2429713 4793633 8672076 8288396 13877183 
2429713 4793633 8672076 13876927 8288396 
2429713 4793633 8672076 13876926 8222860 
2429713 4793633 8671820 13876926 8222860 
2429713 4793633 8671820 13876926 8222604 
2429713 4793633 8672077 13876670 8157324 
2429713 4793634 8737613 13811134 8157068 
2429713 4793634 8672077 13811133 8157068 
2429713 4793633 8672077 13811133 8091532 
2429713 4793633 8737613 13811133 8091532 
2429713 4793634 8737869 13745341 8025997 
2429713 4793633 8672077 13811133 8091532 
3217429 7292481 13877699 6779282 11172465 
2429713 4793633 8672077 8091532 13811134 
2429713 4793890 8737869 8091533 13811134 
2429713 4793634 8672077 8091532 13811134 
2495249 4859426 8803405 13811133 8025996 
2429713 4793890 8737612 8091532 13811134 
2495249 4793634 8737355 13811134 8025740 
2429713 4728097 8606026 8091531 13811390 
2429713 4793633 8540490 8091531 13811134 
2495249 4793634 8540748 8157068 13811134 
2429713 4793634 8606284 13811134 8157068 
2429713 4793633 8540748 8157067 13811134 
2429713 4793633 8540748 8157067 13811134 
2429713 4793633 8540748 8157067 13811134 
2495249 4793634 8540748 8157068 13811134 
2429713 4793633 8540748 8222603 13811134 
2429713 4793634 8606284 8157067 13811134 
2429713 4793634 8540748 8222860 13811390 
2429713 4793633 8540748 8222859 13811390 
2495249 4793634 8540748 8288395 13811391 
4329999 3751480 9001540 6059910 11839915 
4330000 3817017 9001540 6059910 11774379 
4330000 3817273 9001540 6059910 11840171 
4329999 3751480 9001540 6059910 11839915 
4330000 3817273 9001797 6060166 11840171 
4330000 3817273 9001797 6060167 11840171 
4330000 3817017 9067333 6060166 11840172 
4330000 3817016 9001797 6059910 11840172 
4330000 3751480 9001541 6059910 11774636 
4330000 3817016 9001797 6060166 11840172 
4330000 3751480 9001540 6059910 11840172 
4330000 3751480 9001540 6059909 11774636 
4330000 3817016 9001540 6060166 11840172 
4330000 3817017 9067076 6060166 11840172 
3026214 5377549 8870211 5466996 11249579 
3026214 5377550 8935747 5466739 11249580 
3026214 5312013 8935747 5466995 11249580 
3026214 5312013 8935747 5466996 11249580 
3026214 5312013 8870211 5466996 11249579 
3026214 5312013 8870211 5466996 11249580 
4330256 3817273 9067076 6060166 11840172 
3026214 5312014 8935747 5466995 11249580 
4330256 3817273 9067076 6060167 11840172 
3026214 5312014 8870211 5466996 11249580 
3026214 5312013 8870211 5466996 11249580 
3026214 5312014 8870211 5466739 11249579 
3026214 5312014 8870211 5466996 11249579 
4329999 3751223 8936004 6059909 11774635 
3026214 5312014 8870211 5466739 11184043 
3026214 5377550 8870211 5466739 11249580 
3026214 5377550 8870211 5466995 11249580 
