0 16185078 12040119 4013373 8026746 
0 16185078 12040119 4013373 8026746 
0 16185078 12040119 4013373 8026746 
0 16185078 12040119 4013373 8026746 
0 16185078 12040119 4013373 8026746 
0 16185078 12040119 4013373 8026746 
0 16185078 12040119 4013373 8026746 
0 16250871 12303291 4079166 8289918 
0 16185078 12040119 4013373 8026746 
0 16185078 12105912 4013373 8092539 
0 16185078 12040119 4013373 8026746 
0 16250871 4276545 8553090 12500670 
0 16185078 12040119 4013373 8026746 
0 16250871 4276545 8553090 12500670 
0 16185078 12040119 4013373 8026746 
0 16250871 4276545 8553090 12500670 
0 16185078 12105912 4013373 8092539 
0 16250871 4079166 12303291 8289918 
0 16185078 12040119 4013373 8026746 
0 16250871 4210752 12434877 8487297 
0 16250871 4210752 12369084 8421504 
0 16250871 4276545 8553090 12500670 
0 16185078 12040119 4013373 8026746 
0 16185078 12040119 4013373 8026746 
0 16185078 12040119 4013373 8026746 
0 16250871 4210752 12434877 8487297 
0 16185078 12040119 4013373 8026746 
0 16250871 4144959 12369084 8355711 
0 16185078 12040119 4013373 8026746 
0 16185078 12040119 4013373 8026746 
0 16250871 4276545 8553090 12500670 
0 16250871 4276545 8618883 12566463 
0 16250871 4276545 8618883 12566463 
0 16250871 4408131 8750469 12566463 
0 15987699 4013373 8289918 12237498 
0 15527148 4013373 8158332 11908533 
0 14935011 3618615 11119017 7434609 
0 14671839 3815994 7763574 11382189 
0 14342874 3815994 7763574 11250603 
0 7631988 3750201 11250603 14079702 
0 3487029 13487565 7237230 10592673 
0 7039851 3421236 10329501 13092807 
0 3552822 10132122 6974058 12829635 
0 3092271 6316128 9408399 12040119 
0 9145227 3026478 6184542 11711154 
0 8618883 2697513 5658198 11184810 
0 8026746 2500134 5263440 10658466 
0 8026746 2565927 5329233 10461087 
0 5197647 2434341 7763574 10132122 
0 4802889 7237230 2236962 9539985 
0 6710886 4408131 1973790 9079434 
0 1776411 3947580 5987163 8224125 
0 1513239 3552822 5658198 7697781 
0 1579032 3487029 5329233 7368816 
0 1381653 3158064 4934475 6908265 
0 1052688 2697513 4342338 6316128 
0 855309 2236962 3750201 5526612 
0 921102 2171169 3421236 5131854 
0 657930 2829099 1710618 4408131 
0 657930 1644825 2631720 4079166 
0 460551 1184274 1907997 3092271 
0 328965 921102 1579032 2565927 
0 197379 460551 855309 1447446 
788488 1839121 4272173 3023393 5388855 
788488 1839121 4272173 3023393 5454391 
788488 1839121 4337710 3088929 5454391 
788488 1839121 4272173 3023393 5388855 
788488 1839121 4337710 3088929 5454391 
788488 1839121 4337710 3023393 5454392 
788488 1839121 4271917 2957601 5454392 
788488 1839121 4206381 5454392 2957600 
788488 1839121 4272174 2957601 5520184 
788488 1839121 4272174 2957601 5520185 
788488 1839121 4272174 2957601 5520185 
788488 1839121 4272174 2957601 5520185 
788488 1839121 4272174 2957601 5520185 
788488 1839121 4272174 2957601 5520185 
788488 1839121 4272174 2957857 5585721 
788488 1839121 4272174 2957601 5585721 
788488 1839121 4272173 2892065 5585721 
788488 1839121 4272174 2957601 5585722 
788488 1839121 4272174 2957601 5585722 
788488 1839121 4272174 5585722 2892065 
788488 1839121 4337967 3023393 5585722 
788488 1839121 4272174 2892064 5585722 
788488 1839121 4272430 2957857 5651514 
788488 1839121 4272174 2957601 5585978 
788488 1839121 4337967 3023394 5651514 
788488 1839121 4337967 3023394 5651514 
788488 1839121 4337967 3023394 5651514 
788489 1839121 4337967 3023394 5651514 
788489 1839121 4337967 3023394 5651514 
788489 1839121 4337967 3023394 5651515 
788489 1839121 4337967 3088930 5651515 
788489 1839121 4337967 3023394 5651515 
788745 1839121 4337967 3023137 5651515 
788745 1839121 4403503 3088930 5717307 
788745 1839121 4403503 3088930 5717307 
788745 1839121 4403504 3088930 5717307 
854281 1839121 4403503 3023394 5717307 
854281 1839121 4337967 3023394 5717307 
788745 1839121 4337967 3023394 5651515 
854281 1839121 4403503 3088930 5717307 
854281 1839121 4403504 3088930 5717051 
854281 1839121 4403503 3088930 5717051 
788489 1839121 4403503 3088930 5717307 
788489 1839121 4403503 3088930 5717051 
854025 1839121 4403504 3088930 5717051 
854025 1839121 4403504 3089186 5717051 
854025 1839121 4403503 3088930 5717051 
854025 1839121 4337967 3088930 5717051 
854025 1839121 4337967 3023394 5651515 
854025 1904657 4403503 3088930 5651515 
854025 1904658 4469296 3154723 5717051 
854025 1904657 4403504 3088931 5651259 
854025 1839121 4403504 3088930 5651515 
854025 1970450 5191735 3614503 6708832 
854025 1970450 5191735 3614503 6840163 
854025 1904657 4403503 3088930 5651515 
854025 1839121 4403503 3088930 5651515 
788488 1839121 4403503 3088930 5716794 
788488 1839121 4403759 3089186 5717050 
788488 1839121 4403503 3089186 5716794 
788488 1839121 4403503 3023650 5716794 
788488 1839121 4403759 3089186 5717050 
788488 1839121 4403759 3089186 5717051 
788488 1839121 4403759 3089186 5717051 
788488 1839121 4337966 3023393 5651258 
723464 1840658 3220766 5191984 7035729 
723464 1840658 3286302 5191984 7035728 
723463 1774865 3154973 5126191 7101008 
723464 1774865 3154973 5060398 7166286 
723464 1840658 3220766 5191726 7231822 
723464 1840658 3220510 5257262 7297614 
723464 1775122 3154717 5323055 7362893 
723464 1774865 3089181 5323055 7362637 
723464 1774865 3089181 5257262 7165258 
723464 1774866 3154717 5191469 7163975 
723464 1709329 3023388 4928554 7163204 
1315085 526342 2432280 4140325 7030849 
1315086 591878 2497816 4271398 7030592 
657927 1380622 2432024 4205350 6570813 
1052427 460549 2300694 4467752 6965313 
263427 921099 1513492 3221793 4474171 
263427 986636 1579285 3287586 4539964 
263171 920843 1513492 3221793 4539708 
263171 920842 1447699 3156000 4539707 
328963 986635 1579285 3353122 4671037 
263171 920586 1447699 3221536 4605244 
328964 1315600 2958365 4210742 6576207 
197378 723464 1447186 3155487 4539451 
263171 1052171 1513492 3286816 4473658 
263171 1052428 1644821 3352865 4473658 
263172 1052428 1644821 3352608 4473658 
197379 723464 1447186 3155487 4407865 
197378 723464 1447186 3155487 4407865 
263172 1117964 1644565 3286816 4407865 
263172 1052428 1579028 3286816 4473401 
263171 986378 1513235 3286815 4473401 
263172 1052171 1578772 3221023 4473401 
263172 1052172 1644564 3221280 4538937 
263171 855050 1512979 3221280 4604473 
263172 986379 1513235 3287329 4735803 
328964 1184014 2564379 4209973 7361870 
526085 2038547 6774597 3946536 11242096 
526085 2038547 6774597 3946536 11307631 
526085 2038547 6774598 3880744 11241839 
526085 2038547 6774598 3946536 11242096 
591621 2104083 6774598 3946280 11176303 
591621 2104083 6774598 4012072 11110511 
591621 2104339 6709062 4012073 11176305 
591621 2104083 6708805 4012073 11176562 
591621 2104339 6708805 4077866 11242356 
591621 2104340 6708805 4143658 11176820 
2104339 591621 6643269 4078122 11111541 
591621 2104339 6643269 4143658 11111284 
2104339 591877 6708805 4143658 11045491 
2104340 591621 6708805 4143658 11111284 
2104083 591621 6643269 4143658 11045491 
2104083 591621 6708805 4078122 10979698 
2104083 591621 6708805 4078121 10979440 
2104083 591622 6708805 4078122 10979440 
2104083 591622 6708805 4012329 10913390 
2104083 591621 6708805 4012073 10847340 
2104083 591621 6709062 4077865 10847083 
2104084 591621 6774598 4077866 10912876 
2104084 526085 6774598 4077866 10978412 
2104084 526085 6774598 4077866 10912876 
2104084 526085 6840390 4077866 10912875 
2104084 526085 6840390 4077866 10912875 
2104084 526085 6840390 4077866 10978411 
2169876 591622 6840390 4077866 10978411 
2104084 591622 6774854 4077866 11044204 
2104340 591622 6774598 4077865 11110255 
2104084 591878 6709062 4077609 11176821 
2169876 591878 6643269 4077865 11046005 
2169876 591878 6643269 4209451 10980469 
2169876 591878 6643013 4209451 10980468 
2169876 591621 6577477 4143658 10979955 
2104340 526085 6643013 4077866 10979183 
2169620 526085 6643269 4077866 10912876 
525829 2104083 6708805 3946280 11043947 
2104083 526085 6643269 4011816 10978412 
2104084 591622 6643012 4012073 10913132 
2104084 591878 6577476 4143402 10912875 
2104084 591878 6511684 4077866 10781290 
2104084 591878 6577220 4143402 10847084 
2104084 591878 6577220 4077610 10913390 
2038291 591621 6577220 3880488 10979441 
2104083 591622 6643013 3946024 10979698 
2103827 591621 6708805 3880488 10914419 
2038291 591621 6708806 3880488 10979955 
591621 2038547 6708806 3880488 11111025 
591622 2104083 6774598 3946281 10978669 
591622 2104083 6774598 4011817 10978411 
591878 2104084 6840391 4077610 10978411 
657414 2104083 6840391 4011817 10912618 
657414 2104084 6774855 4011817 10912618 
657414 2104084 6774855 4011817 10978154 
657414 2104084 6774855 4011817 10978155 
657414 2104084 6774598 3946281 10978411 
657414 2104084 6774598 3946280 10978155 
657414 2104084 6774598 3946280 10978156 
657414 2104084 6774598 3946280 10912619 
657414 2038547 6774598 3880488 10912619 
657414 2038291 6709062 3880488 10912875 
657414 2104083 6774598 3946280 10978412 
657414 2104083 6774598 3946280 10978412 
657414 2104083 6774598 3946280 10978413 
657414 2104083 6774598 3946280 10978412 
657414 2104083 6774598 3946280 10912620 
657414 2104083 6709062 3946280 10912877 
657414 2104083 6709062 3946280 10978412 
657414 2104083 6708806 3880488 10912877 
657414 2104083 6708806 3880488 10912876 
657414 2104083 6708805 3880488 10978413 
657414 2104083 6708806 3946281 10978669 
657414 2104083 6708806 3946281 10978669 
657414 2104083 6709062 3946281 10978669 
657414 2104083 6709062 3946281 11044461 
657414 2104083 6709062 3946281 11175790 
657414 2104083 6708806 3946281 11175789 
657414 2104083 6709062 3946281 11110253 
657414 2104083 6709062 3946281 11110253 
657414 2104083 6709062 3946281 11175789 
657414 2104083 6709062 3946281 11175789 
657414 2104083 6708806 3946281 11175534 
657414 2104083 6708806 3946281 11175533 
657414 2104084 6708806 3946281 11175790 
657414 2104084 6774598 3946281 11241326 
657414 2104084 6774598 3946281 11241326 
723464 2039062 4866351 3485474 6972748 
723464 2038806 4866351 3485474 7038285 
723464 1973270 4800815 3419682 6972749 
723464 1973270 4800815 3419682 6972749 
789256 2039062 4866351 3485474 7038284 
789256 2039062 4866351 3485474 7038284 
789256 2104598 4866351 3551267 7038028 
854793 2170391 3945509 5261108 7104077 
789257 2104855 3682852 4997937 7038285 
854793 2170391 3879973 5195315 7103821 
2039062 789256 4931887 3551267 6972492 
855049 2170391 3879717 5195059 7038284 
855049 2170391 3879973 5326388 7038285 
854793 2170391 3879973 5260852 7038541 
855049 2170391 3945509 5260852 7038541 
855049 2170391 3879973 5260852 7038541 
2039062 789256 3616546 4931887 6972748 
2104598 789257 3682339 4932144 6972748 
855049 2170391 3879973 5261108 7038541 
854793 2170391 3879973 5261108 7104078 
854793 2170391 3945509 5261108 7038542 
854793 2170391 3945509 5260852 7038542 
854793 2170391 3945509 5260852 7038542 
854793 2104855 3945509 5261108 7038541 
854793 2104855 3945509 5261108 7038797 
854793 2104855 3945509 5195572 7038797 
789257 2104855 3945509 5195572 7038797 
723464 1973270 3551267 4866607 6972749 
789257 2039062 3617059 4866608 6972749 
723465 1973270 4801071 3485474 6972748 
789257 2038806 3551267 4866607 6972749 
789257 2104855 3879973 5195572 7038797 
789257 2039062 3551267 4866607 6973005 
789257 2039062 3551267 4801071 6973005 
789257 2039062 4735278 3485730 7038284 
855050 2104599 4735022 3485730 7038540 
920842 2236184 3880230 5129522 7104333 
920842 2236440 3946022 5195315 7104333 
920842 2236440 3946022 5195315 7104333 
855049 2104855 4735022 3485475 7038540 
2301976 920842 4011559 5327157 7170126 
2301976 920842 3946022 5261622 7301199 
2236440 855049 3945766 5327414 7367250 
2236440 855049 3946023 5459000 7564629 
2104854 723720 3419938 4735022 6577736 
2039318 723463 3354146 4669486 6643272 
2104854 723463 3354402 4735278 6774602 
2104854 657927 3354402 4735279 6906188 
2039062 657671 3354146 4669486 6643273 
2104598 657671 3354146 4669486 6577737 
2104598 657671 3354146 4669486 6577993 
2039062 657671 3288610 4603694 6577736 
2039062 592135 3354146 4603950 6643785 
2039062 592135 3354146 4669486 6643785 
592137 986895 263172 1907997 3158064 
986895 526344 263172 1842204 3158064 
460551 921102 1381653 2236962 3355443 
460551 921102 1447446 2368548 3355443 
986895 526344 263172 1842204 2960685 
986895 592137 263172 1907997 2960685 
460551 921102 1381653 2236962 3092271 
460551 921102 1513239 2368548 3223857 
460551 921102 1513239 2434341 3355443 
460551 921102 1513239 2302755 3289650 
460551 921102 1447446 2236962 3158064 
460551 921102 1381653 2171169 3092271 
460551 921102 1513239 2368548 3158064 
460551 921102 1513239 2368548 3223857 
460551 986895 1776411 2829099 4934475 
460551 986895 1776411 2829099 5131854 
460551 986895 1776411 2829099 5197647 
460551 986895 1776411 2829099 5197647 
460551 986895 1776411 2829099 5131854 
460551 986895 1776411 2829099 5263440 
460551 986895 1776411 2829099 5131854 
460551 986895 1710618 2763306 5131854 
986895 460551 1710618 2829099 5131854 
460551 986895 1776411 2894892 5197647 
526344 986895 197379 1842204 2829099 
526344 986895 263172 1710618 2631720 
526344 921102 263172 1513239 2500134 
592137 1052688 263172 1842204 2763306 
526344 986895 263172 1710618 2631720 
526344 986895 263172 1842204 2697513 
460551 921102 1381653 2171169 3026478 
460551 921102 1381653 2236962 3158064 
460551 986895 1776411 2697513 4408131 
526344 986895 263172 1710618 2697513 
460551 921102 1381653 2236962 2960685 
460551 986895 1776411 2697513 5460819 
460551 986895 1776411 2763306 5329233 
460551 986895 1644825 2697513 4868682 
460551 986895 1710618 2763306 4868682 
460551 986895 1776411 2763306 4868682 
460551 986895 1710618 2763306 4934475 
460551 921102 1579032 2697513 5000268 
460551 986895 1776411 2829099 5329233 
460551 986895 1776411 2829099 5329233 
460551 986895 1776411 2829099 5263440 
460551 986895 1776411 2829099 5263440 
460551 986895 1842204 2960685 5329233 
460551 986895 1842204 3026478 5263440 
460551 986895 1842204 3092271 5263440 
460551 986895 1776411 3026478 5131854 
986895 526344 197379 1907997 3421236 
592137 986895 263172 1907997 3355443 
526344 986895 197379 1907997 3223857 
526344 986895 263172 1842204 3158064 
526344 986895 197379 1907997 3158064 
526344 986895 263172 1973790 3092271 
526344 986895 263172 1842204 2960685 
526344 986895 197379 1973790 3092271 
592137 1052688 263172 1842204 2763306 
460551 921102 1315860 2105376 2960685 
592137 1052688 263172 1973790 3026478 
460551 921102 1381653 2171169 3223857 
460551 921102 1381653 2236962 3487029 
460551 921102 1315860 2171169 3552822 
1052688 592137 263172 1842204 3421236 
460551 986895 1644825 2631720 3750201 
460551 921102 1447446 2302755 3487029 
460551 986895 1710618 2697513 3815994 
460551 986895 1644825 2631720 3881787 
460551 921102 1513239 2631720 3881787 
460551 986895 1644825 2565927 3552822 
460551 921102 1447446 2500134 3552822 
460551 986895 1644825 2631720 3618615 
460551 986895 1644825 2565927 3618615 
460551 921102 1513239 2500134 3618615 
460551 921102 1447446 2434341 3618615 
460551 921102 1447446 2434341 3618615 
460551 921102 1447446 2434341 3421236 
460551 986895 1579032 2368548 3289650 
460551 921102 1381653 2171169 3223857 
460551 921102 1447446 2302755 3289650 
460551 921102 1381653 2236962 3223857 
460551 921102 1381653 2236962 3289650 
460551 921102 1381653 2236962 3289650 
460551 921102 1381653 2236962 3289650 
460551 921102 1381653 2236962 3289650 
460551 986895 1644825 2434341 3355443 
460551 921102 1315860 2171169 3289650 
460551 921102 1381653 2302755 3355443 
657930 1381653 3092271 6316128 10066329 
0 1184274 4079166 7105644 10395294 
0 1184274 4144959 7171437 10461087 
0 1118481 3881787 6908265 10329501 
0 1184274 4079166 7171437 10461087 
0 986895 4079166 7434609 10658466 
0 1118481 3947580 7039851 10395294 
0 1184274 4013373 7105644 10395294 
0 1118481 4210752 7434609 10658466 
0 1118481 3881787 6908265 10329501 
0 1250067 4210752 7500402 10658466 
0 1315860 4276545 7434609 10592673 
0 1447446 4408131 7566195 10724259 
0 1184274 4079166 7105644 10395294 
0 1184274 4013373 7105644 10395294 
0 1315860 4342338 7566195 10724259 
0 1315860 4276545 7434609 10658466 
0 1447446 4408131 7566195 10658466 
0 1447446 4408131 7566195 10658466 
0 1447446 4408131 7566195 10658466 
0 1315860 4276545 7434609 10658466 
0 1447446 4408131 7566195 10658466 
0 1184274 4079166 7105644 10395294 
0 986895 3947580 7105644 10395294 
0 1184274 4013373 7105644 10395294 
0 1118481 3947580 7105644 10395294 
0 1184274 4079166 7171437 10461087 
0 1118481 3947580 7105644 10395294 
0 1184274 4079166 7105644 10395294 
0 1184274 4079166 7105644 10395294 
0 986895 3881787 6908265 10329501 
0 855309 3618615 6710886 10263708 
0 1184274 4013373 7105644 10395294 
0 1184274 4079166 7105644 10395294 
0 1184274 4013373 7105644 10395294 
0 986895 3881787 6908265 10329501 
0 1315860 4079166 7105644 10395294 
0 1184274 4013373 7105644 10395294 
0 986895 3881787 6908265 10329501 
0 1315860 4079166 7105644 10395294 
0 986895 3881787 6908265 10329501 
0 986895 3947580 7105644 10461087 
0 1184274 4079166 7105644 10395294 
0 1184274 4013373 7105644 10395294 
0 986895 4013373 7171437 10461087 
0 986895 3881787 6908265 10329501 
0 986895 3881787 6908265 10329501 
0 1447446 4276545 7237230 10461087 
0 855309 3618615 6710886 10263708 
0 1118481 4013373 7039851 10395294 
0 1315860 4079166 7105644 10395294 
0 1184274 4013373 7105644 10395294 
0 1184274 4144959 7237230 10526880 
0 986895 3947580 6974058 10395294 
0 1184274 4079166 7105644 10395294 
0 1052688 4079166 7237230 10526880 
0 1447446 4408131 7500402 10658466 
0 1381653 4342338 7434609 10592673 
0 1250067 4342338 7500402 10658466 
0 1447446 4408131 7500402 10658466 
0 1447446 4408131 7500402 10658466 
0 1381653 4342338 7434609 10658466 
0 1447446 4408131 7500402 10658466 
0 1447446 4408131 7500402 10658466 
0 1250067 4013373 6974058 10329501 
0 1447446 4408131 7500402 10658466 
0 1381653 4342338 7434609 10592673 
0 1118481 4210752 7368816 10592673 
0 1447446 4408131 7500402 10658466 
0 1447446 4408131 7500402 10658466 
0 1447446 4408131 7500402 10658466 
0 1447446 4408131 7500402 10658466 
0 1447446 4408131 7500402 10658466 
0 1447446 4408131 7500402 10658466 
0 1447446 4408131 7500402 10658466 
0 1447446 4408131 7500402 10658466 
0 1381653 4342338 7434609 10592673 
0 1447446 4408131 7500402 10658466 
0 1381653 4342338 7434609 10592673 
0 1250067 4342338 7500402 10658466 
0 1381653 4342338 7434609 10592673 
0 1381653 4342338 7500402 10658466 
0 986895 3881787 6908265 10329501 
0 1447446 4408131 7500402 10658466 
0 1447446 4408131 7500402 10658466 
0 1447446 4408131 7500402 10658466 
0 1447446 4408131 7500402 10658466 
0 1447446 4408131 7500402 10658466 
0 1447446 4408131 7500402 10658466 
0 1447446 4408131 7500402 10658466 
0 1447446 4408131 7500402 10658466 
0 1447446 4408131 7500402 10658466 
3150867 920588 5718331 4337964 7034962 
3150867 920588 5718331 4272428 7034962 
3150867 920588 5718331 4272428 7035219 
3151123 5060915 920588 6574153 8946560 
3150867 920588 5718331 4272428 7100755 
3150867 920588 5784123 4337965 7100755 
3150867 920588 5783867 4337965 7100755 
3150867 920588 5783867 4403757 7100755 
3150867 920588 5783867 4403757 7100755 
3150867 920588 5652538 4272172 7034962 
3151124 5126452 920588 6639946 9144710 
3150867 920588 5784123 4403757 7100755 
3150867 920588 5784124 4403757 7101011 
3151124 5126708 986124 6705482 8946303 
3150867 920588 5784124 4403501 7166548 
3150867 986124 5783867 4272172 7100755 
3150867 986124 5783867 4337708 7100755 
3150867 986124 5783867 4337965 7100756 
3150867 986125 5783867 4272172 7100755 
3150867 986124 5783867 4272172 7100755 
3150867 986125 5783867 4272172 7100755 
3150867 986125 5783867 4272172 7100755 
3216660 5192245 986125 6771276 9408142 
3151123 986125 5783867 4337965 7100755 
3150867 986125 5718331 4272172 7100498 
3216403 986125 5783867 4272172 7100755 
3216659 986125 5783867 4337965 7100755 
3216403 5718075 986125 4206379 7100498 
3216403 5718331 986125 4206379 7100498 
3216659 5783867 986125 4272172 7100755 
3216659 5718075 986125 4206380 7100498 
3216659 5783867 986125 4271916 7100755 
2691858 5718074 4074794 6968655 9408655 
3216659 5783867 986125 4271916 7100499 
3216659 5783868 986125 4272172 7166291 
3216660 5323574 986125 6837069 9474447 
3216660 5323574 986125 6837069 9408397 
3216659 5849660 986125 4337709 7166291 
3216659 5783868 986125 4272172 7166035 
3216660 5323574 986125 6836812 9342348 
3216659 5849404 986125 4337709 7100499 
3216659 5783868 986125 4272172 7100499 
3216659 5783868 986125 4337709 7100499 
3216659 5783867 986124 4272172 7100499 
3216659 5783867 986125 4272172 7100499 
3216659 5783868 986125 4272172 7100499 
3216659 5783867 986125 4272172 7100498 
3216659 5783868 986125 4272172 7100499 
3216659 5783868 986125 4272172 7100499 
3216659 5783867 986125 4272172 7100498 
3216659 5849404 986125 4337709 7166035 
3216660 5257782 986125 6771276 9341320 
3216660 5257782 986125 6771276 9407628 
3216659 5783868 986125 4272173 7100499 
3216659 5783867 986124 4272173 7100499 
3216659 5849404 986124 4337709 7166035 
3216659 5849404 986124 4337709 7166035 
3216659 5783611 986124 4271917 7100242 
3216659 5783867 986125 4271917 7100499 
3216403 5783868 986125 4272173 7100499 
3216403 986124 5718075 4272172 7034706 
3216403 986124 5718075 4272172 7034706 
3216403 986124 5783867 4337708 7100499 
527115 3294795 2108723 5072999 7838349 
527115 3294795 2108723 5072999 7838349 
527115 3294795 2108723 5072999 7772813 
527115 3294795 2108723 5072999 7772813 
527115 3294795 2108723 5072999 7772813 
527115 3294795 2108723 5072999 7772813 
527115 3294795 2108723 5138791 7838350 
527115 3294795 2108723 5138791 7838350 
527115 3294795 2108723 5138535 7838350 
527115 3294795 2108723 5138535 7838350 
527115 3294795 2108723 5138535 7838350 
527115 3294795 2108724 5138791 7838350 
527115 3294795 2108723 5138535 7838350 
527115 3294795 2108723 5138791 7838349 
527115 3294795 2108723 5138791 7838350 
527115 3294795 2108723 5138791 7838350 
527115 3294795 2108723 5138791 7772813 
527115 3294795 2108724 5138535 7772813 
527115 3294795 2108724 5138535 7772813 
527115 3294795 2108724 5138535 7838350 
527115 3294795 2108724 5138535 7838350 
527115 3294795 2108724 5138791 7838349 
527115 3294795 2108723 5138535 7838350 
527115 3294795 2108723 5138535 7838349 
527115 3294795 2108723 5138791 7838349 
527115 3294795 2108723 5138791 7838349 
527115 3294795 2108723 5138791 7838349 
527115 3294795 2108724 5138791 7838349 
527115 3294795 2108723 5138791 7838349 
527115 3294795 2108724 5138792 7838350 
527115 3294795 2108723 5138792 7838350 
527115 3294795 2108723 5138792 7838349 
527115 3360331 2108723 5138792 7838349 
527115 3294795 2108723 5138792 7838350 
527115 3294795 2108723 5138792 7838350 
527115 3294795 2108723 5138792 7838350 
527115 3294795 2108723 5138792 7838350 
527115 3294795 2108724 5138792 7838350 
527115 3294795 2108723 5138792 7838350 
527115 3294795 2108724 5138792 7838350 
527115 3294795 2108723 5138792 7838350 
527115 3294795 2108723 5138792 7838350 
527115 3294795 2108723 5138792 7838350 
527115 3294795 2108723 5138792 7838350 
527115 3294795 2108723 5138792 7838350 
527115 3294795 2108724 5138792 7838350 
527115 3294795 2108723 5138792 7838350 
527115 3294795 2108723 5138791 7838350 
527115 3294795 2108723 5138791 7838350 
527115 3294795 2108723 5138791 7838350 
527115 3294795 2108724 5138791 7838350 
