0 65793 0 0 0 
0 65793 0 0 0 
0 65793 0 0 0 
0 65793 0 0 0 
0 65793 0 0 0 
0 65793 0 0 0 
0 65793 0 0 0 
0 65793 0 0 0 
0 65793 0 0 0 
0 65793 0 0 0 
0 65793 0 0 0 
0 65793 0 0 0 
0 65793 0 0 0 
0 65793 0 0 0 
0 65793 0 0 0 
395014 1447702 3420724 6969443 13016755 
395014 1447702 3420724 6969699 13082292 
395014 1447702 3420724 6969699 13082292 
395014 1447701 3486517 7101028 13148342 
395272 1382424 3486517 7101028 13214135 
329735 1447958 3486517 7101028 13214392 
329478 1447958 3420981 6904162 13017014 
329478 1447958 3420981 6969699 13148087 
329478 1382164 3289395 6772576 13016758 
329478 1447701 3420724 6969699 13345466 
329478 1382164 3289395 6838369 13279673 
329478 1382164 3289395 6772833 13214394 
329478 1382164 3289395 6838369 13214393 
460550 1643281 3223602 6706783 13148345 
919816 3543311 5258049 10687506 11699868 
526085 1774609 3420466 6969699 13345725 
395013 1447699 3354930 6838370 13148861 
329477 1447699 3354930 6838626 13083325 
329221 1447699 3420467 6904162 13148861 
329221 1382163 3420467 6904163 13083324 
329221 1447699 3420724 6838627 13149375 
329221 1447700 3420724 6904419 13083584 
329221 1382163 3354932 6838626 13018046 
329221 1382164 3420724 6904420 13018046 
263685 1447700 3486004 6772578 12623545 
263684 1381907 3354932 6707299 12623544 
263685 1447701 3486518 6969958 12820923 
263685 1447700 3486518 6970215 12820924 
263685 1447701 3486519 6904679 12821180 
263685 1578516 3682099 6902879 12557750 
263685 1447701 3486520 7036008 13084095 
263685 1447701 3486520 7101546 13150144 
263685 1447701 3420984 7036009 13149887 
263429 1447701 3420727 6904423 12952765 
263429 1447701 3355191 6904680 12952765 
263429 1447701 3289398 6838630 13018301 
263429 1447701 3289398 6707558 12821436 
263429 1447701 3289398 6641766 12821179 
263429 1381910 3223862 6641766 12886716 
263428 1316116 3092276 6379108 12689594 
263428 1316116 3092019 6379108 12821179 
263428 1316116 3026483 6247778 12624056 
263428 1316116 3026483 6247778 12624056 
263429 1316116 3026225 6181728 12492470 
263429 1316116 3092020 6313058 12624058 
263429 1316117 3092276 6313316 12624572 
263428 1250580 3026484 6247779 12690110 
263428 1250580 3026484 6247779 12690365 
263428 1316117 3092276 6313315 12624315 
263428 1250580 3026484 6313315 12559036 
263428 1250324 2960690 6181728 12361659 
197892 1250324 3026483 6247521 12296122 
197636 1184788 3026483 6247521 12361659 
197636 1250325 3157813 6444901 12361916 
197636 1250324 3092019 6313314 12164794 
197636 1250325 3289142 6707560 12494016 
197636 1250581 3289398 6904683 12756932 
197636 1316118 3420728 7036269 12888261 
197636 1316118 3486520 7102062 12888517 
197636 1381396 3419955 6640996 12428222 
263172 1315861 3354933 6641765 12494015 
1640970 10572108 328964 6301735 8929340 
1640970 10572108 263428 6301735 8929341 
1706506 10506572 328964 6367272 8863548 
1706506 328964 10506572 6367272 8863548 
788232 10507863 6698046 8865357 3414051 
10311260 263428 1509901 7355722 3939368 
10245467 197893 1575694 7289672 4005417 
263685 10377052 1969683 8078160 5647930 
198149 10245467 7421001 1772561 4464941 
198148 10309966 2165774 6367274 8732223 
198148 10309709 2165774 6367017 8732222 
198148 10375245 6367018 2231054 8797758 
198148 10375245 6432553 8797758 2296846 
198148 10375245 6498089 8928831 2362382 
198148 10440781 6498346 8928831 2296590 
198148 10440781 6498346 8994623 2362126 
198148 10440524 6498346 2296334 8994367 
198148 10177610 2165261 7877173 5644579 
198148 10177610 2099725 7877174 5644323 
198148 10177610 2099724 7877174 5709859 
198149 10177610 2165261 7942710 5709860 
198149 10177610 2230797 7942710 5709860 
263685 10177610 2296590 8008503 5775652 
329221 10111818 2558735 7942710 5775652 
394757 10177610 8008759 5906725 3083794 
395013 10112074 8008503 5906725 3346196 
395013 10111818 5906725 8008503 3543317 
395013 10111818 5840932 7942967 3412243 
329221 10046282 5381665 7745845 2427661 
263941 10046281 5447202 7745845 2230795 
329477 10046281 5578530 7811382 2493196 
329477 9980746 5644323 7877174 2624525 
329477 9980489 5644323 7811381 2690318 
329477 9914697 5578787 7811381 2821390 
263941 9849160 5513250 7811381 2821390 
263941 5381921 9848904 7745844 2755598 
263941 5316384 9783368 7745843 2690061 
263941 5316128 7680051 9848905 2690061 
263941 5381920 7680307 2690061 9849161 
198405 5316384 7680051 2690061 9980490 
198405 5381921 7745587 2690062 10046539 
263941 5381921 7745588 2690062 10112331 
263941 5381921 7680051 2624526 10178123 
263941 5447714 7745588 2690318 10178379 
263941 5316384 7548978 2690317 10244170 
263941 5250848 7483442 2624525 10244170 
263941 5119263 7352113 2493452 10244169 
263941 5119262 7352113 2427916 10243913 
460294 2427917 5511723 8076079 9455164 
460294 2427917 5446187 8076079 9520700 
460294 5380651 2427917 8010287 9455163 
526086 5380650 2362381 8010544 9716797 
526086 5380650 2362381 8338993 10567238 
526086 5314857 2362381 8273457 10763849 
526086 5249320 2362381 8338736 10894925 
591622 5183527 2427917 8273200 10829389 
591622 5183527 2427917 8272944 11091791 
591622 5117990 2427917 8272688 11223121 
591622 5117990 2493454 8403760 11485781 
657158 5118245 2559246 8403760 11616854 
657158 5052708 2559246 8403760 11682647 
5118244 657158 2624782 8535089 11945306 
5052708 657158 2690318 8600625 12076380 
5118243 722694 2755855 8731698 12272990 
5118243 722694 2755855 8797490 12338783 
5118243 722950 2821391 8862771 12470112 
5118243 2821647 722950 8928307 12666977 
5052707 2821647 788486 8993843 12732514 
5052706 2887183 788486 8993843 12798307 
4987169 2821647 722694 12929636 8993843 
4987169 2756111 722694 12995172 8994098 
1509897 4593182 13454187 7943468 10963010 
4986912 2821647 657158 13192038 9190962 
2756110 4986911 657158 13257831 9256499 
2756110 4987167 657158 13454440 9519157 
2756366 4987166 657158 13520233 9584437 
2756366 5052702 657158 13651562 9649719 
2756366 5052702 657157 13651818 9583927 
2756366 5118494 657157 13717355 9780536 
2756366 5118494 657157 13783147 9780536 
2756366 5184030 657157 13783147 9714744 
2821902 5184030 722694 13848683 9780025 
2821902 5249822 722694 13914475 9780025 
2821902 5249822 722694 13848938 9714233 
2887695 5315358 722694 13914474 9779770 
2887695 788230 5381150 13914730 9714233 
2887695 5446687 722694 13980267 9714233 
2887695 788230 5446687 13980523 9648698 
2887695 788230 5512479 13980523 9583161 
2953231 788230 5578015 13980523 9517624 
1772042 4725019 8204590 14439794 11814989 
1772042 4725019 8139054 14439794 11683915 
3018768 853766 5709088 13980779 9321015 
8009009 722951 4134167 11876955 16481258 
722951 8009009 4134167 11876954 16481258 
722951 8009265 4134167 11876954 16481258 
722951 8009265 4199959 11811417 16481258 
722951 8009521 4199959 11745880 16481259 
722952 8075057 4265496 11811417 16481260 
788488 8140594 4331288 11811416 16481259 
788488 8206386 4396825 11745880 16481259 
854024 8206386 4397081 11811672 16481260 
854024 8206386 4462617 11811416 16481259 
919560 8272178 4528154 11811672 16481260 
919560 8206642 4528153 11745879 16481003 
985096 8272178 4593946 11680343 16481259 
919560 8272178 4528153 11680342 16481003 
788488 7418156 3937302 10502727 16481002 
854024 7418156 3937558 10502727 16480745 
854024 7417900 3937301 10437446 16480745 
854024 7417900 4003094 10437446 16480745 
854024 7417900 4003094 10437702 16480744 
854024 7418156 4003094 10437702 16480745 
854024 7418156 4068630 10437702 16546281 
854024 7418412 4068630 10503494 16480744 
7483948 854024 4003094 10503494 16546281 
7484205 854024 4068630 10569031 16546281 
7549741 854024 4068631 10569031 16481000 
7549741 854025 4068631 10569031 16546280 
7549997 854024 4134167 10569287 16480744 
7550253 854025 4199959 10634824 16480744 
8470579 1050889 4856604 11614806 16546536 
7681837 854281 4265752 10765897 16546280 
7681838 854025 4199960 10765897 16480744 
7747374 854281 4265752 10831434 16481000 
7747630 854281 4265752 10831435 16546280 
7747631 854281 4265752 10896971 16546536 
8602164 1050889 4922396 11811417 16546280 
7879216 854281 4397081 10962509 16546280 
7878959 854281 4265753 10962509 16546536 
7944752 854281 4397081 11028045 16480743 
8010544 854281 4397338 11093582 16480743 
8010800 854281 4462874 11158864 16480743 
8010801 854281 4462874 11158865 16480999 
8668213 985353 4791324 11942240 16546792 
8668214 985353 4791324 12007777 16546536 
8733750 985353 4857117 12073314 16481000 
8933183 985611 5188654 10644119 14523369 
8867393 920075 5057068 10839701 14783207 
395014 5842725 3609619 8139573 10769486 
395014 5842725 3609875 8270901 10835279 
395014 5251872 7286831 3150352 10440777 
329478 5054751 6959149 2822415 10440264 
395014 5251872 7090735 3085072 10440520 
395014 7222577 5448994 3347730 10440520 
395014 6105895 7813685 3675925 10506826 
395014 8142392 6237224 3610389 10770768 
395014 7485490 5777443 9062722 3085330 
395014 7748148 6040102 9128773 3282451 
460550 7879989 6040357 9391687 3347985 
460550 8077368 6303014 9654601 3938580 
460550 6565928 8406077 9917515 4135445 
526086 6565928 8406333 10114381 3872788 
526086 10180173 6631720 8340796 3938580 
526086 8472125 10311759 6631977 3938580 
526086 8669246 6763563 10443088 4070165 
526086 8866112 6960685 10574417 4135958 
460550 9063233 7092014 10706002 4201751 
460550 9129026 7223343 10771794 4399130 
460550 9194563 7289135 10771794 4530459 
460550 9194562 10837331 7289135 4530458 
395013 9194562 10903123 7223343 4333337 
395013 9260355 10903379 7289136 4530458 
395013 9260355 10968915 7223343 4399129 
198149 9062976 10837586 6632234 2494477 
394757 9260355 10968915 7223343 4398873 
395013 9326147 7354672 11034452 4464666 
198149 9128769 10903123 6632491 2494477 
395013 9326148 11034708 7289136 4333336 
395013 9326148 11034709 7289136 4333080 
329221 9326148 11034708 7289136 4202008 
263685 9326148 11034452 7092015 3545107 
263685 9260356 10968916 7026222 3282449 
263685 9260356 10968916 7026222 3085328 
263685 9260355 10968916 7091758 3216400 
263685 9260355 10903380 7091758 3282192 
263685 9325892 10903380 7288622 3676178 
9256258 12409690 4987423 1510154 16542443 
9256002 12409690 4987423 1509898 16542442 
9256258 12409946 4987423 1444362 16542442 
9256258 12410203 4987422 1444361 16607978 
9256258 12475738 4987422 1378825 16542442 
9256257 12475994 4987422 1378825 16542442 
9256513 12476250 4921886 1378825 16542442 
12476250 9256513 4922141 1378825 16542698 
12476506 9256512 4856349 1313289 16542697 
12476506 9256768 4856604 1313289 16542698 
12476762 9191232 4856604 1378825 16542698 
12476762 9257024 4856604 1378825 16542698 
12477019 4791323 9257023 1313289 16542954 
12477019 4791323 9257023 1313289 16542954 
12411483 4791323 9257023 1378825 16542954 
12411483 4791579 9257023 1378825 16542954 
12411739 4791579 1379081 9257022 16542954 
12411483 4791835 1444361 9191486 16542954 
12411483 4857627 1444617 9191742 16543210 
12411739 4923163 1510153 9257534 16543209 
8405296 5908250 10706250 525058 16297642 
8405297 5908251 10706250 590594 16296874 
8405297 5776922 10706506 525058 16295587 
8471346 5842458 10903116 590594 16248243 
9729422 8215659 11703486 6046029 590597 
9069938 6374482 9534366 11966144 590854 
8937832 6044997 10976913 656389 16313038 
8801337 6894629 4595733 11035215 393730 
8735545 6828836 4595733 10969422 459266 
7881007 5055256 10443849 656387 15719074 
8669751 6697507 4398612 10838093 393730 
8669752 6697507 4398612 10838092 393730 
8604215 6631714 10706763 4333075 525058 
8603958 6631458 10706507 4267283 459522 
8538165 10640970 6565921 4267283 393730 
8472629 10706251 6500129 4201747 393730 
8669495 6631714 4332819 10837580 459522 
8735288 6762787 4332820 10903373 459522 
8735288 6762786 4398356 10903373 459522 
8800824 6828067 4463892 11034702 393730 
8800824 6828067 4529428 11034702 393730 
8866360 6893347 4594965 11034703 393730 
8931897 7024419 4660501 11166032 393730 
9062970 7155748 4857110 11166032 459266 
9062970 7221285 4922647 11166033 459266 
9062714 7286565 11165777 4988184 459266 
8404529 5841692 10640458 656387 16344246 
8470066 5972765 10640202 656131 16279485 
8469810 5972765 10640201 656131 16345794 
8469554 10639945 6038302 656131 16412105 
8403761 10639689 5972510 590594 16347341 
8403505 10639689 5972510 590595 16478934 
8534834 10705226 6103839 656131 16413913 
8600883 10771018 6235168 656131 16348891 
8864058 10837070 6499368 853765 16153306 
9530986 10846327 7626845 656902 13800386 
10855069 131329 9736589 2301981 5395282 
11119269 65792 10987173 11711152 4605252 
10329499 10723999 65793 3618613 5066061 
5593178 6908008 9336442 11051685 394758 
856606 1845047 4801101 8217455 11837877 
263958 1975346 6441300 12680591 9154242 
263958 2040882 6506836 12877456 9088964 
263957 2435637 7683910 7905462 13929612 
263956 2435380 7618116 7839412 13863819 
263956 2500401 8207425 11969967 5599361 
263956 2500658 8207168 12101296 5599876 
263956 2566194 8272704 12166575 5665669 
263956 2632501 7945538 7641776 14193555 
329492 2632501 8011331 7641777 14193298 
263956 2631730 8469312 12231854 5599620 
329492 2500916 7618887 8168120 13928069 
263956 2697265 8666434 11838896 5401983 
263956 2763057 8666433 11904175 5401983 
263956 2762800 8731969 11904432 5270139 
263956 2697008 8535105 11969711 5270397 
263699 2106158 6438982 8825278 13401469 
263699 2171694 6504775 8825278 13467006 
263699 2040366 6373703 8693949 13467006 
263699 1974572 6177095 8693692 13334907 
263699 1909036 6177095 8693693 13334907 
263699 1843500 6111302 8693692 13072505 
263699 1843757 6242630 8693692 13138811 
263699 1909550 6438982 8693436 13336189 
263699 1909551 6504518 8693436 13401983 
263699 1909294 6504519 8693436 13402239 
263699 1975087 6504776 8693692 13468033 
262931 4396056 6766243 3086437 11238378 
262931 4396056 6568861 2954848 10449890 
262930 4330520 6174102 2823517 9594586 
197655 6179466 5711919 8878778 2693982 
197655 9010875 6179975 5711919 2562394 
197654 9011131 6179974 5646384 2431319 
197654 6772880 5580848 9406147 3548257 
197393 3149590 5315102 3808865 7227811 
262927 4068377 5254517 2297928 8543418 
131855 3018521 5381150 4268899 7754149 
131855 2953242 5512735 4335718 8674987 
197391 2953498 5447712 4270437 9727928 
197390 2887706 5317666 4665443 10583482 
197645 2822170 5253157 5191521 11044535 
197644 2756632 4859432 6309463 11505066 
132108 2690838 4663083 7032659 11964572 
132107 2625301 4598059 7427150 11767948 
132107 2559765 4664621 7887695 12294793 
132106 2428949 4599853 8216911 12558464 
2363156 197642 4535342 8611665 12755584 
2232083 197641 4469805 8809042 12952960 
2166291 132105 4470062 8809042 12952705 
2100755 132105 4404782 8809041 13084291 
2035218 132105 4404781 8808784 12952704 
1969426 132104 4142380 8348491 12228468 
1838354 132105 3945515 8217160 12360051 
1838097 132105 3945515 8216903 12425842 
1772561 132105 3945515 8216646 12360306 
1772561 132105 4011307 8348231 12689270 
1707025 132105 4208172 8347974 12557426 
1707025 132105 4339500 8413767 12491633 
525327 3545126 7418943 13262440 15910557 
525583 3742504 7616322 13525098 15777951 
525584 4071212 8076616 13985646 15911340 
591378 4203055 8340302 14184050 15978161 
657172 4400434 8800340 14578808 16175795 
657173 4466485 8998236 14448252 15912881 
722966 4532537 9195360 13989505 15518395 
591636 3876154 8341847 13070467 15452606 
591636 3942206 8407902 13005192 15452866 
657429 4139586 8474213 13136779 15453382 
657687 4403012 8671849 13203089 15454667 
723224 4469061 8868972 13204375 15651790 
723482 4337991 8803434 13008794 15651024 
789018 4141129 8737898 13140376 15782097 
789275 4403530 8803692 13337496 15914448 
789275 4600394 8934767 13599893 15849935 
4734813 1316398 8216970 13406129 15393513 
6118755 8615295 12095901 13680062 394759 
10395036 11118757 10724000 263172 5131854 
11119269 65793 11513775 4802888 9934741 
10921891 11250602 65793 4737096 9934741 
8750469 9145238 65793 9865098 4473667 
5657944 6251138 65793 8543078 2763306 
2434351 2763073 4080505 263175 8074570 
132112 1968668 395318 2698618 7739436 
131598 394549 2099228 2698104 7804715 
131597 328494 2427172 2697076 8066604 
65804 721696 1182019 3484282 6755117 
65804 656162 1575754 4074367 6951723 
131340 656165 1838416 4598658 6885925 
131341 590631 2035284 4926855 7016997 
131341 525098 2298200 5320590 6951461 
196877 459564 2560861 5648531 7016997 
196878 459570 2955108 6107804 7016741 
197135 394038 3086439 6370466 7082278 
197135 394038 3151977 6501796 6951205 
197135 394041 3414637 6830251 7082533 
197136 656439 3808883 7552691 7016998 
197136 525370 3874934 8144054 6951462 
262672 525374 4268924 8998080 6951461 
262673 525633 4466047 9721286 6885926 
262673 591427 4663426 10247372 6885926 
4790298 1772298 9255993 13585258 16476391 
4790298 9321530 1772298 13651050 16410855 
4855835 9321530 1837835 13716586 16476391 
4921627 9387322 1837835 13782379 16476391 
4856091 9387578 1837835 13782378 16411111 
9453115 1903371 4987163 13847915 16411112 
9453371 4921627 1903371 13913451 16411368 
1903371 9453627 4987420 13847914 16411368 
1903371 9519163 4987419 13847915 16476905 
1837835 9519419 4987419 13847914 16476906 
1903627 9585211 5052956 13913707 16476906 
1969163 9585467 5118492 13913706 16476906 
1969163 9651260 5118748 13913706 16477162 
1903627 9651259 4987419 13848170 16477162 
1969163 9717052 5184284 13848169 16477163 
1903627 9782844 5053212 13848169 16477164 
1903883 9782845 5119004 13848425 16477164 
1903883 9848637 5119004 13848425 16477420 
1903883 9848638 5053468 13848425 16477420 
1903883 9848894 5119004 13848680 16477676 
1969419 9914687 5184797 13914216 16477677 
9914686 1903883 5119260 13848680 16477677 
9980479 1969675 5185053 13914473 16543470 
9980479 4857115 1707018 13848937 16477934 
10046272 4922651 1772554 13914729 16543726 
10112064 4922907 1707018 13848937 16543726 
10112321 4988444 1707018 13914730 16543727 
10178113 4988444 1707018 13849194 16543983 
10178369 5054236 1772554 13914987 16543983 
10244161 5250846 1904139 13849194 16478448 
10244162 5316638 1969675 13783402 16543984 
10309954 5382175 1969675 13849195 16543984 
10309954 5382175 1969675 13783403 16478448 
10310211 5382175 1969675 13783403 16544240 
2560784 10705737 6437190 13197448 16283634 
2298383 10968908 6370360 11429783 16218868 
2626577 10903116 6569293 12936336 16218868 
2561041 10771788 6503757 12936334 16219123 
2692113 10903116 6701396 12937880 15892723 
2561041 10837323 6503758 12805264 16219380 
10376263 5251106 1838348 13455214 16545522 
10441798 5316641 1772812 13454958 16544753 
10441798 5250849 1838348 13389166 16479217 
10892601 8660780 5904927 1378053 15362366 
10892345 8595243 5904927 1378053 15362110 
10958137 8726316 5970463 1443589 15427902 
10892345 8660779 5839391 1378053 15427903 
10892344 8726315 5970464 1443590 15428159 
10892344 8726316 5970464 1443590 15428159 
10892343 8726316 5970463 1509126 15428158 
8726060 10892598 5970463 1509126 15493694 
8726061 10958133 5970463 1509126 15493694 
8857390 5970463 11089970 1574918 15559486 
8660524 5839390 11024177 1509126 15559486 
8857390 5970462 11221550 1574918 15625278 
8726060 5904926 11221805 1574918 15691070 
8857388 5970462 11353387 1574919 15756862 
8726059 5970461 11353386 1574919 15822653 
8594986 5773597 11287850 1574918 15757117 
8463657 5708060 11222313 1509126 15756861 
8398121 5642523 11156520 1509382 15691068 
8201256 5511194 11025192 1443590 15625276 
8135719 5511194 11025447 1443590 15625531 
8070182 5445657 10959910 1443590 15625276 
7939109 5445656 10894118 1443590 15559483 
7939109 5511192 10894117 1509382 15559226 
7939108 5576728 10828581 1509383 15559482 
7873571 5511447 10763044 1509383 15493945 
7873570 5511447 10697508 1509382 15493945 
7808034 5445655 10631716 1509383 15428409 
7742497 5511191 10566180 1509383 15494202 
7742497 5511190 10500644 1509383 15494202 
7742496 5445654 10500643 1574919 15494458 
7676960 5380118 10434851 1574918 15428666 
7742497 5511190 10435107 1574918 15494715 
7808289 5511190 10500643 1640454 15561020 
7873826 5576983 1640454 10500644 15626813 
7939363 5576983 10500644 1705990 15824191 
657430 3938604 11023943 10975667 16248826 
657430 4004396 10958665 11041460 16248827 
657430 4069677 10893386 11172792 16314619 
657174 4004141 10762573 11370173 16380412 
657174 3938349 10762574 11633090 16380668 
657174 3938349 10828625 11961542 16380411 
657174 3938349 10632018 12355786 16380667 
657174 3938348 10501204 12552908 16446459 
657174 3938348 10435669 12552909 16512252 
591638 3938349 10435927 12618703 16446459 
591637 3872813 10305113 12487629 16446204 
591637 3872557 10108764 12422351 16511740 
526101 3872814 9978209 12554194 16511996 
525845 3807022 9847136 12357071 16445947 
525845 3872814 9978206 12291276 16380155 
525845 3807277 9912928 12225740 16380155 
525844 3807277 9978463 12028103 16314106 
525844 3807021 9912927 11831236 16248058 
6494493 9973548 2427665 5517417 15625553 
6494493 10039084 2493201 5583210 15625553 
6494493 10039084 2493201 5583210 15625553 
6560029 10104621 2558738 5583210 15625554 
6560029 10039085 2493201 5583211 15625298 
6625566 10104621 2558738 5583211 15559762 
6691358 10104877 2624274 5582954 15625298 
6691358 10170414 2558738 5582954 15625299 
6756895 10170414 2558738 5582954 15559763 
6822431 10170414 2689810 5582954 15625299 
6887967 10235950 2689810 5582698 15559763 
6953503 10301486 2755346 5582697 15559763 
8594726 3607826 4596047 14967630 7095434 
6953504 10301486 2755602 5582954 15559508 
7609889 3083280 12075832 4727378 7884438 
6953503 2755602 10301486 5582953 15559765 
6887966 2755345 10235949 5582954 15559508 
6887966 2755345 10235949 5582954 15493973 
6822430 2689809 10170412 5582954 15493973 
6756893 2755344 10170412 5582954 15494229 
6691356 2689808 10104875 5583210 15494228 
6625820 2689807 10039338 5583210 15494228 
6560027 2624271 9973801 5583210 15428692 
6428954 2558734 9973801 5583210 15428692 
6888219 2689805 11485233 4596562 7884178 
393996 3216161 8531251 12598592 15371115 
328459 3084832 8269106 12270398 15566437 
328459 3215904 8334643 12468032 16419175 
328203 3346976 8597557 12989756 16484966 
328203 3412769 8793396 13251643 16484967 
328202 3346976 8727091 13316923 16484967 
328202 3346976 8791858 13382459 16484967 
328202 3346720 9250611 13841725 16485223 
328202 3280927 9381939 13972797 16485480 
328202 3280671 9381940 13972797 16551016 
328202 3280671 9381940 13907261 16485480 
328202 3280671 9447476 13972797 16485480 
328202 3280415 9447476 13972797 16485480 
328202 3345952 9513269 14038589 16485224 
328203 3345951 9447733 13907261 16485224 
328203 3280416 9382197 13776189 16484968 
393744 3479088 10509194 15757944 10034990 
328205 3280675 9382712 13579583 16484712 
328204 3477538 9513527 13776191 16484712 
328203 3149857 8857909 13185853 16484198 
328203 3543586 8858678 13251389 16484198 
328203 3280929 8466231 13054780 16418661 
393740 3346465 8532025 12990014 16418662 
393741 3412002 8860477 13251645 15631205 
459534 3543333 9122879 13448510 15303530 
525075 3478577 15365503 10705275 9839409 
525076 3544372 15300226 10573691 10166576 
525074 3412527 9319493 13580608 14911612 
395031 2302265 15815512 8727354 2976178 
329496 2237246 15816026 8467010 3304628 
329496 2171710 15816284 8074052 3041714 
329497 2171711 15750748 7943236 2910385 
395033 2236989 15749720 7877184 2582192 
395033 2236990 15749719 7811391 2647728 
460825 2368319 15815255 8007999 2647729 
460825 2499903 15815256 8335166 2844852 
460825 2500161 15880792 8531260 3173304 
460569 2565441 15946586 8924221 3370168 
460569 2499648 15946586 8858685 3370168 
460569 2499648 15946586 8858685 3238839 
395033 2499391 15946585 8924221 3238838 
395033 2499391 15946585 8858685 3173046 
395032 2433854 15946586 8793149 3173046 
395032 2433597 15881050 8727612 3107253 
395032 2433597 15881050 8727356 3107509 
329497 2237247 15881563 8401473 3436216 
329497 2236989 15881306 8204609 3041972 
395033 2236731 15815256 8138558 2582193 
395033 2302267 15815255 8138558 2582193 
395033 2236730 15814999 7941950 2582194 
395032 2236473 15749463 7876413 2713522 
395032 2236729 15814999 8138300 2976438 
395032 2302521 15881050 8662333 3173044 
395546 2826547 16099709 12154712 7097166 
395543 3285032 16231553 12680283 8343361 
395286 3285032 16298375 13008732 8474432 
461078 3613481 15573110 10182986 16645364 
461078 3744809 15573110 10314314 16710902 
395285 3482152 15375989 10117194 16645109 
460821 3679530 15375733 10248780 16645109 
460821 3679789 15310196 10249037 16645109 
460821 3811632 15310197 10314831 16645109 
460821 3877426 15309940 10314830 16645110 
460821 4009014 15244149 10117455 16579574 
526358 4337724 15441271 10643029 15984374 
526614 4535104 15572856 10971735 15652598 
