2234646 14464158 5324860 8811636 14199835 
2300438 14464158 5324860 8811636 14199836 
2300439 14464158 5324860 8811637 14199581 
2365975 14464158 5390653 8877686 14199581 
2300439 14464158 5324860 8811893 14199582 
2365975 14464158 5390653 8811893 14199581 
2365975 14464158 5390653 8877429 14265117 
2366232 14464158 5390653 8877428 14265117 
2431768 14464158 5390653 8877429 14265374 
2431768 14529694 5456189 8877429 14265374 
2431768 14529694 5456446 8943222 14265373 
2431769 14529694 5456446 8877686 14265373 
2431768 14529694 5456190 8877428 14265372 
2497304 14529694 5456446 8943221 14265372 
2497305 14529694 5456447 8943222 14265372 
2497304 14529694 5456446 8943222 14331165 
14529694 2497304 5456447 8943222 14265373 
14529694 2497304 5456447 8943222 14331165 
2497561 14529951 5521983 9009014 14396701 
2497561 14529951 5521983 9008758 14331165 
14529950 2497561 5456447 8943222 14331164 
2497561 14529950 5521983 9009014 14331420 
2497561 14529950 5522239 9009015 14396956 
2497561 14529950 5521983 9009014 14331419 
2497560 14595486 5521983 9009014 14396955 
2497561 14595486 5522239 9009015 14396955 
14595486 2497560 5521983 9008758 14396955 
2563097 14595486 5521983 9009015 14396955 
14529950 2563097 5521983 8943223 14396955 
14595486 2563097 5521983 9009015 14396955 
14529950 2497304 5456190 8877429 14396954 
14595486 2497304 5521983 8943222 14462490 
14595486 2497304 5456190 8942965 14462490 
14595486 2497304 5521983 8943222 14462745 
14595486 2497304 5521983 9008759 14462489 
14595487 2497304 5456447 8943222 14462490 
14529950 2497304 5456191 8943222 14462746 
14529950 2497304 5456191 8877686 14396954 
14595486 2497304 5521983 9009015 14396955 
14529950 2563096 5521984 9009015 14396955 
2497561 14529950 5521984 9009015 14396955 
2497561 14529950 5521984 9009015 14396954 
2497561 14529950 5521984 9009015 14396954 
2497561 14529951 5521983 9008759 14396955 
2497561 14529950 5521984 9009016 14331419 
2563097 14529950 5521983 8943480 14331419 
2563097 14595486 5587519 9009016 14396955 
2563097 14595486 5587776 8943480 14396955 
2497305 14595486 5521983 8943480 14396700 
2497305 14529694 5521983 8943480 14396700 
2497304 14595230 5587775 8943224 14396956 
2431768 14595486 5521983 8877688 14331420 
2431768 14529694 5521982 8877687 14396956 
2431768 14529695 5521982 8877686 14396956 
2431768 14529695 5456189 8877429 14331421 
2431767 14529694 5456189 8811893 14331420 
2431767 14529694 5456189 8943222 14331421 
2431768 14529695 5587517 8943479 14396956 
2431768 14529694 5521981 8943222 14331421 
2431768 14529694 5587517 8943222 14331165 
2234645 14463901 5456187 8877685 14199833 
2234645 14463900 5390395 8811891 14199834 
2234646 14463900 5390651 8811892 14199578 
2300182 14463901 5390651 8811892 14199834 
2300182 14463900 5390651 8746355 14199835 
2300182 14463900 5390395 8746099 14199579 
2300182 14463901 5390395 8746099 14199579 
2300182 14463900 5390395 8746099 14199835 
2300439 14463644 5390395 8746099 14134043 
2300439 14463900 5390651 8746099 14134044 
2234903 14398108 5324858 8680306 14134045 
2300439 14398108 5390395 8745842 14134045 
2300440 14398108 5390395 8745842 14134045 
2300440 14398364 5390651 8746099 14134301 
2234904 14398108 5259067 8680049 14134301 
2234904 14398108 5324859 8745842 14134301 
2300440 14398108 5324859 8680306 14134045 
2300440 14398108 5324859 8745842 14134046 
2300441 14398108 5390396 8746098 14134046 
2300441 14463644 5390395 8811634 14134302 
2300440 14463644 5324603 8745841 14134302 
2300441 14463900 5390652 8877426 14134302 
2300440 14398108 5324603 8745840 14199839 
2300440 14463644 5324859 8745840 14199839 
2300440 14463644 5259066 8680047 14199839 
2300441 14463644 5390396 8746097 14199839 
2300440 14398108 5324859 8745839 14199839 
2300184 14397851 5258810 8680046 14265631 
2300440 14397851 5259066 8745582 14265631 
2300440 14397851 5324602 8745582 14265631 
2300441 14397852 5390139 8811375 14265375 
2300440 14397851 5324602 8745582 14265376 
2300440 14397851 5324602 8745582 14265631 
2300184 14398107 5324602 8745582 14265630 
2300184 14397851 5324346 8679789 14265630 
2365977 14397851 5390395 8811376 14265630 
2365977 14397851 5390395 8811376 14265630 
2300441 14397851 5390139 8680047 14265374 
2300184 14397851 5324602 8680046 14265630 
2300184 14397851 5324603 8680047 14265631 
2300184 14397851 5324346 8679790 14265631 
2300184 14397851 5390138 8679791 14265631 
2365976 14398107 5455931 8745584 14265631 
2300184 14397851 5324602 8614254 14265631 
2300184 14397851 5455675 8745584 14265630 
2300184 14397851 5390138 8614255 14265630 
2300184 14397851 5389882 8679790 14265631 
2300184 14397851 5389882 8679790 14265631 
2300184 14398107 5390139 8679790 14265631 
2300184 14398107 5389882 8679790 14265631 
2300184 14397851 5389882 8679790 14265631 
2300184 14332315 5389882 8679790 14265630 
2300184 14332571 5324347 8679790 14265631 
2300184 14332571 5324347 8679790 14265631 
2300183 14332572 5258554 8613997 14265631 
2300183 14332572 5258810 8613998 14265376 
2300183 14332572 5193018 8548461 14265632 
2300184 14332572 5324347 8679791 14265376 
2300184 14398108 5258811 8679790 14265632 
2300184 14332572 5324347 8614255 14265632 
2103061 14266778 5127481 8483183 14002970 
2037525 14266778 5127481 8482926 14002971 
2103061 14266778 5127480 8482670 14068507 
2103318 14266778 5127737 8483182 14068507 
2103318 14201243 5193273 8548719 14068508 
2168854 14201243 5193273 8548719 14068509 
2168854 14201243 5127737 8482926 14068509 
2234646 14201244 5193274 8482926 14068509 
2234646 5193274 14201244 8482927 14068509 
2234646 5193274 14201244 8548720 14068253 
2234646 5193530 14200989 8548720 14068509 
2234647 5193530 14135452 8548720 14068253 
2234903 5127738 14135452 8548463 14068508 
2234903 5127994 14200988 8614512 14068252 
2300440 5259323 14135452 8680050 14068251 
2300696 5259323 14200987 8680307 14068507 
2300696 5259323 14135195 8614771 14068251 
2300696 5193531 14069402 8548722 14068251 
2300696 5193531 14069402 8483443 14068251 
2300696 5193530 14069401 8483186 14067995 
2300440 5127737 14069144 8417392 14067995 
2300439 5127737 14069144 8417392 14002459 
2300440 5127993 14069144 8417649 13936923 
2300440 5193529 14069144 8483185 13936667 
2300440 5193529 14069144 8483185 14002459 
2300440 5259066 14069400 8483441 14002460 
2300439 5127737 14003609 8417392 14002460 
2234647 5127481 14003609 8417391 14067995 
2300183 5127737 14003609 8417391 14067995 
2300183 5127737 14003609 8417390 14067995 
2300183 5127481 14003866 8417391 14067995 
2300183 5127737 14003866 8417391 14002459 
2300183 5127481 14003867 8482670 14002459 
2300184 5127481 14003867 8417134 14002460 
2365720 5193273 14003867 8482928 14002459 
2365976 5193273 14003868 8548464 14002459 
2300183 5061688 14003868 8416877 14002203 
2365976 5258809 14003868 8548464 14002458 
2365977 5258809 13938076 8482671 14067994 
2365977 5258809 14003868 8482928 14002459 
2365977 5193016 13938332 8417135 14002203 
2431514 5324345 14003868 8417393 14002204 
2431770 5390137 14003868 8482930 14002204 
2431770 5390394 14069404 8548979 13936668 
2365977 5258809 14003868 8417394 13936668 
2365978 5258809 14003868 8417393 13936668 
2431514 5324345 14003868 8482929 14002204 
2365977 5193017 14003611 8417135 14002203 
2431514 5324346 14003611 8482928 14067995 
2431514 5324346 14003611 8417392 14002203 
2431515 5389881 14003610 8417393 14002202 
2431771 5390137 14003610 8482929 14002201 
2431514 5390137 14003610 8482930 13936666 
2431514 5389881 14003609 8417394 14002201 
2365977 5324089 14003609 8417393 13936666 
2431513 5324089 14003609 8351601 13936666 
2365977 5389881 14003609 8417394 13936666 
2365977 5324088 14003609 8351602 13936665 
2365977 5324088 14003609 8351601 13936666 
2365976 5324088 14069145 8482930 13936666 
2234647 5258550 14069143 8417392 13805334 
2234647 5324086 14069143 8417393 13805079 
2300184 5324342 14069143 8482928 13805079 
2300440 5324086 14069143 8482927 13805079 
2300440 5389878 14069143 8483184 13805080 
2300440 5389878 14069143 8482928 13805080 
2365976 5455670 14134679 8614256 13805080 
2365976 5389878 14069143 8548720 13805336 
2431768 5389878 14134679 8548720 13805081 
2431769 5521207 14200471 8614513 13805080 
2431769 5455671 14200471 8614257 13805081 
2431769 5455671 14200471 8548721 13739289 
2431769 5521207 14200471 8548722 13739290 
2497305 5455671 14266008 8483185 13673754 
2431768 5389878 14266008 8482928 13673754 
2431768 5455415 14331800 8482928 13673754 
2431768 5455671 14331800 8548464 13739034 
2431511 5324342 14331800 8482669 13739290 
2431511 5324086 14331799 8482668 13739290 
2431511 5258551 14331800 8482668 13739290 
2431510 5258551 14266264 8548204 13739290 
2365974 5258551 14266008 8548203 13804826 
2365974 5258551 14266008 8548203 13804827 
2365974 5193015 14200472 8548203 13804827 
2431511 5258552 14200472 8548460 13870364 
2431511 5258808 14200472 8548460 13870620 
14200214 2432539 6310461 8812673 14854943 
14200215 2498075 6376253 8877951 14986272 
14266007 6376253 2563867 8877951 14920482 
14266265 6507837 2629660 8943744 14986277 
14332059 2629660 6573630 9009536 14854950 
14397852 2629404 6573630 9075330 14526244 
14463645 2563867 6442303 9075331 14132003 
14462605 2826782 7164990 8944520 15324385 
14462350 2892575 7230783 9010312 15522020 
14462607 2958111 7230785 9075849 15588326 
14462351 3023904 7428163 9076107 15522278 
14462353 2958368 7296579 9141641 15587814 
14462353 3023906 7296836 9141384 15456228 
14528146 3023906 7231045 9206919 15390434 
14462610 2958370 7296581 9075591 15390176 
14462611 2958370 7362372 9010056 15456482 
14528404 3089699 7362627 8944520 15654118 
14528404 3155491 7493956 8944778 15587555 
14528404 3155491 7625027 8944778 15521762 
14593940 3221285 7822405 8944780 15521762 
14528403 3155749 7888197 8879245 15456226 
14593939 3221286 8150856 8813969 15521763 
14593940 3286821 8282440 8617363 15521763 
14594196 3352357 8479304 8551572 15587556 
14593940 3352356 8676166 8419986 15653349 
14659732 3352356 8676166 8551572 15719398 
14659732 3352356 8807495 8617365 15719654 
14659733 3352357 8741961 8551831 15719654 
14659733 3352358 8741962 8486295 15719397 
14659733 3352358 8544844 8617624 15653860 
14659733 3286821 8347725 8814487 15653603 
14659733 3221029 8084811 8748692 15719139 
14659733 3155236 7821897 8879504 15653346 
14659732 3089699 7756359 8813967 15719137 
14659733 3089700 8879503 7756358 15785187 
14659733 3023907 7690566 8879247 15850980 
14659733 3023907 8944779 7493445 15785187 
14725269 3089956 7625032 8879503 15850979 
14725526 3089700 7427911 8944781 15850980 
14725526 3089699 7362375 8944781 15850980 
14725526 3024163 7296583 9010573 15982821 
14725526 2958370 7230789 9010316 15917030 
14725525 2958370 7165253 9010315 15917029 
14725525 2958370 7230789 9010571 15917030 
14659988 2958370 7165253 8879244 15917030 
14725524 2958370 7099718 8944780 15851237 
14725267 2892577 6968133 8813451 15784930 
14725266 2827041 6902341 8813451 15785187 
14725265 2892577 7033669 8813452 15851237 
14659728 2892577 7099461 8748173 15851494 
14659726 2892833 7164996 8682382 15851751 
14659726 2892833 7230787 8682638 15785957 
14528406 3681319 8220535 15917800 13803034 
14528405 3681318 8220535 15917287 13934618 
14462869 3681062 8154743 15851751 14065947 
14462612 3615526 8220535 15851238 14066202 
14462612 3615269 8220278 15785189 14197531 
14462612 3549733 8285813 15653603 14263066 
14726301 2629404 6442050 9010056 14657820 
14726301 2629404 9010055 6507586 14789148 
14594971 2432282 8813191 6441793 14788892 
14594714 2432538 8813191 6442049 14986010 
14594714 2498075 8681863 6573377 15051803 
14528921 2498075 8681863 6507840 15051803 
14528921 2498076 6638912 8681607 15117593 
14463384 2498075 6573119 8681605 15052059 
14463128 2498075 6507327 8615813 15051546 
14463127 2563868 6573118 8615813 14986010 
14528662 2629403 6638910 8615813 15051801 
14463126 2629403 6638909 8615812 15117338 
14463126 2563611 6704445 8615812 15117339 
14528662 2563611 6704445 8615812 15117340 
14528663 2563612 6704701 8681605 15183132 
14528663 2629148 6704445 8681605 15248669 
14594456 2629404 6770238 8747398 15314459 
14594456 2629404 6901310 8812934 15379995 
14594456 2629148 6770238 8878469 15380250 
14594457 2629148 6769982 8878211 15380249 
14660249 2629148 6769981 8943747 15380248 
14660249 2629404 6836029 8944004 15446040 
14660249 2629404 6836030 8944003 15577366 
14660249 2629405 6901565 8878468 15511830 
14725784 2694941 6967357 8944005 15577366 
14726041 2695197 7033150 8878726 15511574 
14726041 2629661 7033149 8878468 15446038 
14791577 2695197 7164478 8944261 15446038 
14791577 2695196 7296061 9009797 15380246 
14791833 2695196 7361597 8944260 15248917 
14857625 2695452 7493438 9075589 15183125 
14857625 9337985 2695195 7296316 15051798 
14857370 9337729 2760988 7361853 14789144 
14857627 9403522 2760988 7427646 14657561 
14725525 8613743 3615521 13605912 15718884 
14725526 8548209 3615265 13014042 15850724 
14725782 3549730 7827843 11172922 16048360 
14725782 3549730 10647357 7828103 16048872 
14725782 3615522 10253121 7828876 16114921 
14791318 3483937 9990208 7894413 16115178 
14791319 3418400 9924412 7960205 16181230 
14791318 3352607 8091018 9858360 16114924 
14791575 3418143 9858359 8156811 16115438 
14791575 3352351 8288138 9792822 16114924 
14791575 3352608 8353674 9858358 16115437 
14857112 3483938 8157068 10186808 16181230 
14857368 3549731 10449721 8091277 16181230 
14857368 3681062 8156813 10712891 16181230 
14923160 3746856 8091020 10975550 16180973 
14923160 3746857 8025226 16115181 11172669 
14923160 3681322 8025225 16114924 11041339 
14923160 3615786 7893639 16114667 11107131 
14923160 3615531 8090504 16048874 10909754 
14988696 3615531 8090502 16114410 10843962 
14923160 3615787 8156037 16048874 10844218 
14923160 3615788 7958400 16049130 10975545 
14988697 3747373 8024192 16049130 10975802 
14988953 3747374 7892606 16049130 11041594 
15120280 6246219 9994617 2826523 16048873 
15120280 6508872 9863292 2826524 15983337 
15120280 6312008 9994618 2957852 15983338 
15120022 6246215 9929081 2957852 15983338 
14857368 3681575 7497068 15983852 12619834 
14857367 3813161 8153964 15983851 13737505 
14791575 3878697 8219500 15983852 14263070 
14725783 3812904 8219239 15983852 15117596 
14725782 3944232 8285289 15983852 15314713 
14659991 4010025 8219753 15511830 15983853 
14528661 3878696 8022375 15577620 15918316 
14462869 3878696 8022376 15446035 15983852 
14397332 3878440 7956583 15248915 16049901 
14923936 6442821 3154977 9798019 15183125 
14858143 6311236 3089441 9535105 15051543 
14792350 6245443 3089185 9337985 14722842 
6179395 3089184 14726299 9075073 14394396 
6179138 3088928 14594456 8746880 14065953 
5981760 2957598 14528405 8549503 13671460 
2957598 6047552 14528403 8483968 13408548 
2891806 5981503 14528403 8418175 13079590 
2826013 5981503 14594195 8483710 12750885 
2891549 6047039 14594196 8549501 12948004 
2891548 5981246 14594196 8549244 13079331 
2760219 5915710 14594196 8680313 13145378 
2760219 5915453 14594197 8680313 13342499 
2760219 5980989 14594197 8745849 13539618 
2760219 5980989 14594197 8680312 13671200 
2694682 5980988 14594198 8680055 13802527 
2694426 5915196 14528662 8680055 13934367 
2694426 5980732 14594198 8680055 14000157 
2628890 5914940 14528663 8614518 14065949 
2628890 5849146 14528406 8614005 14197020 
2628890 5849146 14463126 8614004 14263068 
2628890 5849146 14463126 8548469 14328860 
2563097 5783353 14463126 8482676 14329116 
2563097 5783354 14462870 8548469 14394908 
2563097 5783353 14397335 8417140 14394908 
2563097 5849146 14397335 8417398 14460445 
2563097 5848890 14397336 8417398 14460701 
2628633 5914682 14397592 8483191 14460700 
2563097 5783354 14397337 8417398 14460701 
2563097 5849147 14397593 8482935 14526237 
2563097 5849147 14397337 8483191 14592028 
2628634 5849404 14397594 8548984 14592028 
2628634 5914940 14397594 8614520 14592028 
2628633 5783355 14397338 8482933 14592028 
2628634 5914940 14463130 8614520 14592028 
2628634 5914940 14463131 8614520 14657821 
2628633 5914684 14397595 8614263 14592029 
2562841 5783355 14397595 8548470 14592029 
2628634 5914940 14397595 8614520 14592030 
2628634 5914941 14463131 8614778 14526750 
1841176 5523011 13282713 9796712 7833002 
1906712 5523011 13348249 9796713 7898796 
1906712 5523011 13348506 9862249 7964332 
1906712 5588547 13348507 9796713 7964590 
1906968 5588547 13414043 9928042 7898797 
1906712 5522754 13414043 9862249 7964590 
1906969 5588289 8944248 12690059 14732238 
1972505 5654082 9010298 12755852 14929104 
1972505 5654082 9010298 12755852 14863311 
2038297 5719874 9076092 12755851 14797776 
2038297 5785668 10322285 13611681 7833520 
2103834 5851461 10322541 13677474 7833776 
2103834 5851204 10322541 13677475 7899313 
2103834 5851204 10256750 13677219 7833778 
2103834 5851204 10191214 13677476 7965363 
2169627 5851204 10256751 13677734 7965363 
2169627 5916997 10322287 13743528 7965364 
2169627 5916997 10388080 13809065 7834037 
2169627 5916741 10256495 13743271 7768759 
2235420 5982277 13677735 10322287 7702967 
2235420 5982534 13677735 10322288 7637689 
2300956 5982534 13677479 10322287 7637689 
2300957 5982791 13677479 10387824 7637689 
2366749 13743272 6048328 10453616 7637690 
2366748 13677478 6048328 10387824 7703225 
2366749 13677479 6048584 10453616 7637689 
2432285 13809065 6114377 10584946 7703225 
2432285 13809065 6114378 10585202 7703225 
2498078 13809065 6114634 10650738 7637689 
2563358 13874857 6114378 10650738 7637689 
2563358 13809065 6114121 10650481 7637688 
2629150 13874857 10716274 6114378 7637432 
2628893 13940393 10716273 6114121 7637688 
2563357 13940393 10716273 6113864 7572152 
2563357 13940393 10716273 6048071 7637688 
2497821 10716529 14006187 5982278 7703224 
2432284 14006186 10650736 5982278 7702967 
2432284 10782065 14006443 5982534 7703223 
2432285 10847857 14072236 6048071 7703223 
2432285 10782320 14006443 5982534 7703223 
2432284 10782320 14006444 5982278 7703223 
2366492 10847857 14071980 5982277 7703222 
2366492 13940393 10716271 5916228 7702966 
2432028 13940393 10650735 5916484 7702966 
2366492 13874600 10584942 5916228 7768758 
2366492 13874343 10584941 5916228 7702966 
2366492 13808806 5850692 10519405 7768502 
2366492 13808805 5850692 10519405 7703222 
2366492 13743012 5850692 10519148 7768501 
2432029 13743012 5850948 10584684 7702965 
2432029 13743012 5916485 10584940 7702966 
2432029 13677219 5916741 10584684 7702966 
2432029 13676961 5916740 10518890 7702966 
2432029 13676961 5982277 10519147 7637431 
2432029 13611169 5982277 10518890 7637431 
2432029 13545376 5916741 10453353 7637432 
2431773 5916741 13545376 10453353 7637432 
2431773 5982277 13545119 10453353 7571896 
2432029 6047813 13479583 10518890 7571897 
2497566 6048070 13479583 10584682 7571897 
2169114 5784897 13348253 10321767 7440309 
2234906 5850433 13348254 10321767 7440309 
2300443 5916226 10387560 13348255 7440310 
2300443 5982019 10453353 13414048 7506102 
2366235 5982019 10453353 13414049 7506102 
2366236 5916228 10453353 13414306 7506103 
2366236 5916227 10519146 13414307 7506102 
2366236 5916227 10519147 13414307 7505846 
2563101 11439735 6179655 7571381 14271171 
2563102 11439734 6244934 7571379 14205379 
2563358 11373940 6244933 7505843 14073793 
2563358 11373684 6244933 7505845 14139587 
2563358 11308148 6244677 7505844 14073794 
2628895 11307892 6310469 7571380 14008257 
2563358 11242355 6244676 7505587 13942464 
2300699 10781804 5915711 13349551 7308462 
2366491 10847597 5981504 13481138 7373998 
2432028 10913390 6047297 7374254 13547189 
2432028 10781805 6047297 13415602 7374255 
2432028 10781805 6047297 13415345 7439791 
2497564 10716269 6047297 13415344 7374256 
2432028 10584427 6047041 13283498 7374000 
2432028 10518891 6047040 13217705 7374000 
2497564 10518891 6112833 13217705 7373999 
2497564 10518633 6112576 13217448 7439534 
2497564 10518890 6178111 13217448 7439533 
2497564 10453354 6178111 13151911 7439534 
2497564 10453098 6178111 13151654 7439277 
2497564 10453097 6178111 13151654 7373742 
2497564 10453097 6178111 13151654 7373998 
2432028 10453096 6177855 13085861 7373742 
2432028 10453097 6177854 13151653 7439277 
2366748 10518889 6243646 13217446 7439277 
2366748 10518889 6243903 13217446 7439277 
2366748 10584426 6243903 13217447 7439277 
2366492 10650218 6243904 13217704 7439276 
2366492 10715753 6243904 13217704 7504811 
2366749 10847083 6309697 13349291 7504812 
2366493 10847082 6309441 13349292 7504812 
2366493 10847083 6374977 13415085 7504553 
2432029 10912875 6374977 13481136 7504811 
11176047 2432285 6441283 13744570 7570347 
11241584 2432286 6441282 13810620 7570603 
11176047 2432286 6441540 13679034 7570603 
11044203 2432286 6244419 13547189 7504811 
11175789 2432286 6310212 13679292 7570603 
11241582 2432286 6376004 13745343 7636138 
11241837 2432286 6376004 13745600 7701674 
11307117 2432286 6376260 13811136 7701931 
11241580 2432286 6376004 13811135 7767211 
2497822 11241579 6376261 13876672 7767468 
11307115 2432286 6376261 13876930 7701932 
11307116 2497822 6376517 7701676 14008261 
11241324 2432286 6310724 7636140 14008517 
11175787 2432029 6310724 14074052 7570348 
11175787 2432030 6376261 14074052 7635884 
11110252 2497822 6442054 14073795 7570604 
11109996 2497822 6442053 14008002 7636139 
11110252 2497822 6442054 14008258 7701932 
11110252 2497822 6442309 14008258 7636139 
11176045 2497822 6442309 14008515 7570345 
11176045 2563358 6442309 13942721 7439017 
11176045 2563613 6442565 13942464 7373480 
11110253 2497821 6376517 13876415 7373223 
11110253 2497821 6442309 13876157 7307686 
11110253 2497565 6310724 13810620 7307429 
11110253 2497565 6310724 13745084 7307172 
11110511 2563100 6376517 13876671 7307171 
11110511 2563100 6376517 14008001 7307170 
11110511 2562843 6376261 14073795 7307170 
11176304 2562843 6507589 14139845 7307171 
11176304 2562843 6376260 14074309 7306914 
11176304 2497307 6375747 14008515 7241121 
11176304 2497307 6376003 7175328 13942722 
11176304 2431771 6376004 7175587 13811392 
11110769 2234906 6179138 7109793 13811137 
11176561 2234906 6244674 7175585 13811136 
11176562 2300698 6244931 7306657 13811136 
11242097 2432028 6442052 7372194 13745599 
11307634 2497564 6507331 7437730 13942722 
11373425 2563357 6573124 14139845 7635109 
11439217 2694686 6704966 14402501 7700902 
11438960 2628893 6704967 14599367 7766696 
11439217 2694430 6902345 14665160 7701160 
11438960 2628893 6705480 14599625 7701160 
11439217 2694686 6705738 14599625 7701160 
11504754 2760223 6705997 14665418 7635624 
11505012 2760222 6705741 14731469 7635624 
11505269 2628893 6574413 14797261 7570088 
11505270 2497820 6508620 14863311 7570088 
11439735 2497564 6443084 14929105 7504296 
11439992 2497564 6443341 14994899 7438761 
11439993 2497821 6443597 15060692 7438760 
2497821 11505786 6509390 15060950 7439017 
2497821 11506044 6509390 15127001 7438760 
11506043 2497565 6509133 15258332 7438502 
11571837 2432285 6574669 15258589 7372708 
11637372 2432285 6640461 15258333 7372708 
11571579 2366492 6574667 15126746 7372451 
11571578 2366492 6509132 15060954 7372194 
11637114 2300957 6509133 15060952 7306657 
11637370 2300957 6509132 14995415 7437728 
11637113 2300957 6443340 14995415 7437727 
11702905 2301214 6443340 15127001 7569056 
11702905 2301215 6509133 15127001 7766178 
2038042 12164751 9140334 5456963 15455969 
2038042 12164750 9074799 5456963 15390433 
2038298 9009263 12230542 5391683 15522019 
2038042 12230024 8812145 5325891 15456225 
2038042 12098180 8614766 5259841 15390432 
12163972 1972506 8614766 5259841 15522017 
12163971 1972250 8614766 5259585 15456481 
1972506 12295043 8746095 5325377 15522016 
1972506 12229505 5325119 8483439 15587809 
1972506 12295301 5390656 8680559 15587809 
1972762 12361094 5456448 8746353 15456481 
1972763 12361352 5456449 8812146 15588067 
1972763 12361097 5456448 8812145 15456738 
1972507 12295304 5390656 8680818 15390687 
2038299 12295560 5456448 8680820 15390687 
2038298 12229511 5325120 8418164 15259357 
2038298 12295305 5456448 8484215 15324892 
2103835 12295304 5456705 8418938 15325149 
2103835 12295303 5522241 8353404 15193305 
2235420 11834493 6048583 7568022 14600651 
2235421 11834750 6179913 7634076 14600650 
2300957 11834494 6179913 7568542 14534856 
2300957 11834750 6179913 7634334 14534857 
2300957 11834750 6179913 7634335 14469064 
2300957 11768958 6180170 7634334 14469064 
2300956 11703422 6048584 7633819 14469065 
2300956 11703422 6114120 7568282 14469323 
2235164 11637629 6048327 7567767 14469323 
2235164 11506300 6179399 7567767 14403787 
2169627 11440251 6179654 7436695 14403789 
2038297 11308920 6048323 7305107 14403787 
1972761 6048324 11243128 7305366 14338253 
1972504 6048324 11111543 7306140 14404303 
1906968 5982531 10979957 7305884 14404305 
1841175 5916739 10782579 7306400 14470097 
1709590 5785410 10519664 7372451 14470097 
1578261 5587776 10190956 7503782 14469840 
1446932 5324605 9730663 7635367 14470097 
1381139 5061690 9401699 7766953 14601425 
1249809 4798775 8941665 8095144 14601681 
1052687 4075310 7166547 9275023 14667475 
1052687 4075310 7232339 9275283 14733268 
1052432 4075311 7297876 9275286 14733525 
1052433 4140848 7495254 9210525 14799061 
1052690 4140849 7495253 9079456 14733524 
1052435 4009521 7363668 9210784 14733268 
1052434 3746610 7166033 9144992 14601938 
986898 3681073 7100240 8948127 14536145 
1052435 3878193 7166290 8948386 14470352 
1052433 3418163 6902861 8751007 14339023 
1052434 3746609 7034704 8619938 14339022 
1052435 3877937 7034705 8751267 14273487 
1052433 3418163 6902861 8619681 14273487 
1052434 3812402 7034961 8619940 14339279 
1052434 3681074 7034447 8685475 14339279 
1118225 3352884 6968653 14339279 8619938 
1118225 3156022 6837324 14339279 8554402 
1118225 3156277 6837324 14405072 8554403 
1118225 3090742 6837580 14273743 8620195 
1052688 3024948 6837580 14273486 8751267 
