0 0 0 0 0 
0 0 0 0 0 
329223 526603 132100 789776 0 
460809 658190 921620 131843 1447705 
526603 790291 1185310 131843 1908771 
790034 329223 1119517 1580583 2632493 
790292 1185568 1778478 329223 3027510 
987929 1449255 395017 2107959 3554111 
1053980 1581100 395531 2371647 4015176 
1185823 1778737 2635080 461068 4475985 
1317667 1976375 527118 2898768 5002586 
1449511 2174270 3162458 592912 5463396 
1515562 2371907 3426146 593169 5924461 
1713199 2569546 659220 3689835 6385526 
1779251 2701648 725014 3953524 6912127 
1911095 2899544 4217471 725271 7373194 
1977145 3031387 4415365 790808 7768209 
2240320 3294820 922652 4744847 8295067 
2372164 3492458 922909 4943000 8821413 
2438472 3624560 988702 5206433 9151150 
2570059 3756405 988959 5404586 9546679 
2701903 4020093 1054753 5734325 10204609 
2833748 4217733 1055010 5998014 10599883 
2965591 4349834 1055267 6196424 11060947 
3031643 4547729 1120805 6525906 11522012 
3163487 4745367 1121062 6724059 11851748 
3229538 4811419 1121319 6921955 12180971 
3361382 5009314 1187112 7054314 12313070 
3361640 5075364 7186414 1187113 12314097 
3427434 5141158 7318512 1187113 12249332 
3559533 5273260 7450610 1187371 11987958 
3559534 5273260 7450610 1253164 11856631 
3625070 5273260 7319025 1253164 11528695 
3625070 5273259 7252976 1253165 11331832 
3559533 5273001 7055343 1253165 11003640 
3625070 5207465 6989550 1253165 10872312 
3625071 5273258 7055855 1253165 10938104 
3625327 5273516 7121648 1318958 11134968 
3625327 5273517 7121905 1318958 11266296 
3691120 5273775 7253490 1318958 11463160 
3691120 5273519 7253746 1318958 11528952 
3691120 5207983 7253746 1318958 11660023 
3690863 5142190 7253490 1253165 11594231 
3691121 5207983 7253234 1253166 11594487 
3691378 5207984 7253490 1318958 11594231 
3757171 5208241 7253490 1318958 11528695 
3757430 5274292 7319539 1318959 11594744 
3691636 5208240 6990319 1253165 10610937 
5076651 3559791 6661613 1187371 10479609 
5143219 3691378 6793713 1187372 10741752 
4946098 6793456 3625842 1187371 10807288 
5012149 6924784 3626357 1187114 11003896 
5011892 3495286 6990320 1121321 11200760 
5077685 3561082 7122162 1253163 11528696 
3429494 5077428 7253490 1187370 11791095 
3429493 5077170 7253490 1253936 11791095 
3428979 5076912 7253233 1187886 11791095 
3428721 5076398 7252976 1187886 11725304 
3362927 5010861 7252720 1122094 11725303 
3428463 5076141 7252720 1187887 11725303 
3428206 5076139 7384048 1187886 11987447 
3493998 5076139 7384048 1253679 11987703 
3493999 5141676 7384048 1319216 11987703 
3493999 5141676 7384048 1319216 11987447 
3493998 5141675 7383792 1319216 11921911 
3493998 5075883 7318000 1253680 11856119 
3493998 5075883 7317999 1319216 11856119 
3493998 5141419 7318256 1253680 11921655 
3493998 5075883 7317999 1253679 11856119 
3428204 5075625 7252207 1187886 11724792 
3427948 5075625 7186158 1187630 11593208 
3427948 5075624 7186158 1187629 11527672 
3493740 5075624 7185902 1187630 11461879 
3427948 5009832 7120365 1187629 11461879 
3427948 5075368 7120109 1187629 11396343 
3427691 5009574 7054316 1187372 11330552 
3427948 5075368 7185901 1187629 11527672 
3362154 5009573 7054059 1121835 11264759 
3427690 5009574 7119852 1121836 11330552 
3362153 5009573 6988523 1121579 11264760 
3362153 5009573 7054059 1121579 11265016 
3427691 5009574 7119852 1187372 11330552 
3493484 5075368 7185901 1187629 11462136 
3493484 5075625 7185901 1187629 11396600 
3427691 5009831 7054315 1187372 11199736 
3493484 5075368 7054572 1187372 11199992 
3493740 5075625 6988780 1187629 11134456 
3493741 5141419 6988781 1187629 11134456 
3427947 5010088 6922475 1187372 11068664 
3493740 5010346 6922732 1187372 11134200 
3493740 5010347 6922732 1187373 11199735 
5010348 3559533 6922732 1187629 11265271 
5010347 3559533 6922732 1187629 11265271 
1518397 3232627 5406383 8435688 14742777 
1518397 3232627 5406383 8435688 14742777 
1518397 3298419 5406383 8435688 14676986 
1518397 3298419 5406383 8435688 14742778 
1518397 3298418 5406383 8435688 14742522 
1518397 3298162 5406383 8435688 14742778 
1584190 3298419 5471919 8435688 14742778 
1584190 3298419 5472176 8501225 14742522 
1584190 3298419 5472176 8501224 14742778 
1584190 3298419 5471919 8435688 14676986 
1584190 3298420 5472176 8501224 14742522 
1583933 3232625 5340333 8435431 14676986 
1518397 3232369 5274797 8435431 14676986 
1584189 3232626 5406126 8501224 14676986 
1584190 3298418 5406383 8501224 14677242 
1584189 3232626 5340590 8501223 14677242 
1583933 3232625 5340334 8501223 14742778 
1584189 3232626 5340591 8567015 14742778 
1583933 3232626 5340592 8567015 14742778 
1518396 3166833 5274797 8501223 14676986 
1518396 3166833 5274797 8501223 14676986 
1518396 3167089 5275053 8435687 14676986 
1583933 3298676 5472694 8633065 14742778 
1583933 3298676 5472694 8633065 14742778 
1518396 3232626 5209777 8567016 14742778 
1583933 3232883 5209521 8632808 14742778 
1583932 3167090 5209520 8632551 14742778 
1583933 3232883 5340849 8632807 14742778 
1584190 3232883 5406641 8698600 14808314 
2639713 4682142 1319987 8237795 14676729 
2639713 4616606 1319987 8237794 14676729 
2903144 1386295 4945573 8369381 14676985 
2837351 1386038 4813987 8369380 14742521 
2837351 1386038 4813987 8369380 14742521 
2705507 1319987 4682400 8237795 14676729 
2705250 1254195 4616606 8237538 14611193 
2639713 4616349 1254194 8172002 14611193 
2705249 1319987 4616606 8237794 14676985 
2704992 4550556 1254194 8172002 14676985 
2705248 4550556 1319730 8172002 14676729 
3034731 1452345 4945832 8369638 14742521 
3100781 1517882 5011627 8501223 14808314 
3034988 1452345 5011627 8500966 14808314 
3034988 1452345 5011884 8501223 14873850 
3034988 1452345 5077420 8435687 14808314 
3100525 1452345 5143214 8501480 14874106 
3034731 1452088 5011884 8435688 14874106 
3034987 1452088 5077420 8435688 14874106 
2968938 1386296 4946091 8435432 14874106 
2968937 1386296 4946091 8369896 14874106 
2968937 1386552 4946349 8435688 14939642 
2968937 1386553 4880556 8369896 14874106 
2968936 1386553 4814763 8369896 14873850 
2968680 1320760 4880299 8369896 14939642 
2968936 1386553 4880556 8369896 14874106 
2968937 1386553 4880813 8435688 14939642 
3890816 6063794 1584447 14874363 8829921 
3825023 6063537 1584446 14874363 8764129 
3890816 6063794 1649983 14874363 8829921 
3890815 6063794 1649982 14874363 8829921 
3890559 6063538 1584446 14874363 8829921 
3890815 6063794 1649983 14874619 8829921 
3825023 5998001 1649982 14874363 8698336 
3825023 5998002 1649982 14874363 8764129 
3825023 5998002 1649983 14874363 8698336 
3825023 5998002 1649983 14874363 8764128 
3825023 5998001 1649983 14874363 8698336 
3825022 5998001 1649983 14808827 8698592 
3824766 5932209 1649982 14808827 8567007 
3759229 5932208 1649982 14808571 8501471 
3759229 5932208 1649726 14743035 8501215 
3693437 5866415 1584189 14677499 8369886 
3627644 5800622 1583932 14611963 8304093 
3627644 5735087 1583932 14611963 8304093 
3562108 5735088 1583931 14611963 8369886 
3496572 5669552 1584188 14677499 8370143 
3430780 5538225 14808827 1584188 8435679 
3365243 5472432 14940155 1584188 8304607 
3365501 5472432 15005691 8238814 1649981 
3365501 5406383 15005691 8041950 1584187 
3299709 5340590 14940155 7845085 1649467 
3234173 15136763 5275053 7779292 1649466 
3168381 15071227 5340589 7647964 1648694 
3102844 15071227 5274797 7516635 1582643 
3037052 15071227 5209518 7385306 1582643 
3037051 15005435 5144239 7253978 1517106 
131334 1513001 3092293 5460845 6723526 
197127 1644843 3225166 5331314 6267861 
131334 1513001 3092294 5526382 6724041 
131334 1513257 3223879 5592432 6855114 
131334 1513258 3223879 5592175 6854856 
131334 1578794 3223879 5592175 6919878 
197127 1644844 3422288 5528436 6268632 
131590 1579050 3355208 5657968 6920649 
131590 1513258 3289415 5592175 6985413 
131590 1579051 3355464 5657968 7116744 
197127 1644844 3487308 5855346 6856401 
197127 1644587 3421001 5789297 7183305 
197127 1644843 3487308 5920882 6857169 
197127 1644844 3552586 5920882 7118797 
197127 1710380 3618637 5986932 7054804 
197127 1644844 3486793 5855090 7315404 
197127 1644844 3552329 5920626 7512268 
197127 1644844 3552585 5920882 7512012 
197127 1710636 3618122 5986675 7709133 
197127 1710636 3618121 5986418 7774411 
197127 1710380 3552585 5986417 7774668 
197127 1710637 3683914 6052211 7840975 
197127 1710637 3683914 6052210 7775439 
197127 1710637 3618122 6052211 7906767 
197127 1710637 3683914 6117747 7972561 
197127 1776173 3749451 6118005 7973075 
197127 1776429 3749708 6183540 7907283 
197127 1776173 3815244 6183798 7973333 
197127 1776173 3749451 6183540 8038869 
197127 1776173 3815243 6183797 8039126 
197127 1776172 3815243 6183797 8039383 
197127 1776172 3815243 6183797 8039639 
197127 1776172 3814986 6183541 8039639 
197127 1776172 3880779 6249334 8171224 
197127 1776172 3880779 6249333 8171481 
197127 1776172 3815242 6183797 8237273 
197127 1776172 3946315 6249590 8303066 
197127 1776172 3946571 6249591 8303324 
197127 1776172 3946570 6249590 8303581 
197126 1775916 3880778 6249333 8303324 
197127 1776172 4012107 6315383 8369373 
197127 1776172 4077899 6381434 8500957 
197127 1776172 4077643 6381177 8631516 
197127 1776172 4143436 6446971 8632030 
197127 1776172 4077900 6446971 8631773 
197127 1776172 4143436 6446971 8632286 
65797 985633 3812941 8740221 14789051 
65797 985889 3812942 8740221 14854843 
65797 985889 3878734 8871550 14920637 
65797 985889 3878734 9002622 14986686 
65797 985889 3812942 8805756 14854843 
131333 985889 3812942 8805757 14854843 
65797 985889 3812942 8806013 14854844 
131333 985889 3812942 8871549 14920893 
131333 985889 3812941 8740220 14920637 
131333 985889 3812941 8805756 14855101 
131333 985890 3812942 9002877 14986688 
131333 1051426 3878734 9068413 14986944 
131333 985889 3812941 8871292 14855358 
131333 985889 3747405 8936828 14855358 
65797 985889 3747149 8740219 14789309 
65797 985890 3812942 9002877 14920894 
65797 985890 3812941 8937085 14789308 
65796 985890 3812941 8871292 14788794 
65796 985889 3747148 8543098 14656695 
65796 985890 3812684 8543098 14590903 
65796 985889 3681355 8345976 14459060 
65796 985890 3812684 8739704 14590645 
65796 985889 3747147 8673653 14589874 
65796 985889 3812682 8804725 14589617 
65795 920096 3812425 8804724 14654895 
65795 920096 3812425 8673394 14588844 
65795 920096 3746632 8476272 14456746 
65795 920097 3812424 8738673 14456746 
65795 920096 3812424 8607600 14390696 
65795 920096 3812166 8279149 14193574 
65795 985888 3943495 8738672 14522282 
65795 985888 3877701 8476014 14259624 
65795 985888 3877701 8476013 14194344 
65795 985888 3877444 8279148 14193831 
65795 985888 4008773 8738671 14457260 
65795 985888 4009029 8672878 14457516 
65795 985888 3943237 8475756 14391466 
65795 985887 3877187 8278634 14259880 
65795 985887 3811651 8147305 14259623 
65795 985887 3811651 8147306 14194086 
65795 985887 3811651 8147306 14259622 
65795 985887 3680322 7819111 14127781 
65795 985887 3680322 7819112 14061988 
65795 985887 3745858 7819112 14061731 
65795 920095 3614529 7621990 13930146 
65795 920095 3614529 7621990 13995682 
65795 920095 3548737 7490405 13864353 
65795 920095 3483200 7227747 13732768 
65795 920095 3483200 7359333 13864353 
65795 920095 3417408 7162212 13733025 
65795 920095 3483200 7228004 13864355 
65795 920095 3417408 7162212 13798819 
65796 920095 3351872 7162468 13798819 
65795 920095 3417408 7293798 13930404 
65795 920095 3417664 7294054 13930404 
65796 920095 3351872 7294055 13930148 
65796 920095 3286335 7359848 14061733 
459532 2299941 6045777 11892088 16109258 
459533 2299941 6046034 11957881 16175307 
459533 2299941 6045777 11826553 16175564 
459533 2234149 6045777 11826553 16175564 
459533 2234149 5979985 11760504 16109771 
459533 2234149 6045777 11957369 16110028 
459533 2234149 5979984 11891833 16109515 
459533 2234150 6176850 12417147 16175566 
459532 2234406 6242899 12613755 16109002 
459532 2103077 5914191 11957112 16041668 
393996 2102821 5717069 11628920 16040641 
393996 1971492 5454411 11169400 15843261 
393996 1971492 5585740 11169915 15908542 
262405 919577 3285811 8082534 14854058 
196869 919833 3351348 7951463 14656682 
196869 854040 2957103 7228768 13998500 
196869 854041 3022895 7031647 13735074 
196868 854040 2891310 6768732 13209503 
196868 788248 2759981 6506330 12683933 
196868 788248 2759980 6375001 12289691 
196868 854040 2891310 6572123 12093340 
196868 853784 2891310 6572124 12093341 
196868 853784 2891309 6506331 11896219 
131332 788248 2825774 6440539 11830427 
131332 788504 2957103 6572125 11896221 
131332 788248 2891311 6571869 11699356 
131332 788248 2957103 6637662 11699358 
131332 788504 3022640 6768991 11633823 
131332 788504 3088433 6834784 11634337 
131333 1970722 4664382 7949152 11497608 
131333 1970721 4533053 7817824 11497351 
131333 2036514 4729918 8080482 11694473 
131333 2036258 4729918 8080482 11694473 
131333 2102050 4926782 8277090 11825546 
131333 1970721 4729660 8014431 11759753 
131333 1904927 4532795 7883101 11693961 
131333 2167843 5189696 8473954 12022927 
131333 2233379 5189440 8408160 11957134 
131333 2364708 5517891 8867683 12220308 
131333 2233379 5255233 8670304 12088722 
131333 2101793 4992575 8473181 12022672 
131333 2298915 5452098 8801374 12220053 
131333 2298915 5452098 8866910 12285589 
131333 2101792 8472922 5057854 12153744 
196869 2298914 5583169 8866909 12351124 
131333 2233122 5386304 8735580 12416402 
196869 2430243 5714498 8998238 12482452 
196869 2298658 5517377 8801116 12416401 
196869 2495780 5911363 9129567 12547988 
196869 2430243 5714241 8932444 12482195 
196868 2430243 5780033 8997981 12547730 
196868 2364450 5648704 8866908 12481681 
196868 2364451 5714240 8866908 12481937 
196868 2298914 5582911 8801116 12481680 
196868 2298657 5582911 8866908 12547473 
5787687 2631443 8747318 12100155 16048735 
2631443 5722151 8681782 12100155 16114272 
2696979 5722152 8747319 12165691 16114529 
2828565 6248235 10982199 15851102 5339811 
2697236 5722409 8747320 12231484 16180322 
2762772 5722409 8813112 12231485 16180579 
2894613 6182700 10850615 15851102 5801112 
5722667 2828820 8944696 12297021 16180580 
5788203 2828821 9076024 12428349 16180580 
5788204 2894357 9142072 12428349 16180580 
5854252 2894613 9404984 12559678 16246371 
6314286 3026198 11113785 15982687 5275034 
5065257 2696979 11442489 7497525 16048480 
5591340 2828820 11902522 8549431 16180321 
5591597 2894356 11902778 8614709 16180578 
5788718 3025685 12099899 8943671 16246371 
5920303 3091478 12231228 9206328 16311907 
6577457 3288856 11508026 16180320 5146023 
5986096 3157014 12231483 9337657 16312162 
6051888 3157270 12297020 9403705 16312418 
6183473 3223062 9864249 12625725 16377954 
6249265 3223062 9995833 12691518 16378210 
6249265 3223063 9995833 12757054 16377954 
6249265 3223062 12691518 9995577 16377953 
6643506 11639354 3354647 16180319 5211817 
6249266 3288598 12625726 9995320 16312161 
6117937 12297276 3288598 9469242 16311904 
6117937 12297276 3288598 9469242 16311648 
6117937 12297020 3288598 9403706 16311648 
6117937 12297020 3288598 9469243 16246112 
6183473 12362812 3288598 9535036 16246112 
6183473 12362812 3288598 9535036 16246112 
6183729 12362812 3288599 9600828 16311649 
6183729 12362556 3288598 9469500 16246112 
6249265 12362556 3354391 9600828 16311392 
6249522 12362812 3354391 9535291 16311392 
6249522 12362812 3419927 9469757 16311392 
6249521 12362812 3419927 9469757 16245857 
12428348 6315058 3420183 9404221 16245858 
12428604 6249522 3419927 9469756 16246113 
12428604 6249522 3485719 9470011 16246114 
12494140 6315059 3485719 9535547 16311650 
12494140 6315059 3485719 9601083 16246114 
12559932 6183731 3419927 9601082 16311649 
12560188 6183731 3419926 9666874 16311649 
12625724 6117939 3419926 9666617 16311649 
12625724 6117939 3354134 9732408 16311649 
12625724 6117939 3354134 9732152 16311649 
12625724 6117939 3354134 9732152 16311393 
12625724 6117939 9732152 3419670 16311392 
12625724 6117939 9732152 3419670 16311136 
12559932 6051890 9666359 3353877 16245599 
12559932 6052147 9732152 3353877 16245599 
12559932 6052146 9797686 3353877 16245598 
12560188 6117682 9863478 3353877 16245342 
12494396 9928757 6117682 3353876 16245341 
12560188 9994549 6117682 3353877 16245341 
12494396 9929013 6183218 3353877 16179548 
12494395 9929012 6314289 3485205 16179292 
12559931 9995060 6445616 3550741 16179035 
12494138 9994803 6576943 3550741 16113498 
12494139 10060595 6642736 3550997 16113498 
12559931 10060595 6773808 16113241 3616276 
12559931 10060594 7036464 16113241 3681812 
12559931 10060594 7102255 16113241 3681557 
12559931 10060595 7036463 16113241 3681556 
12099642 8876848 4339483 16047191 5143701 
12494395 9994802 7102000 16179032 3747092 
12494395 10060850 7233840 16113497 3944470 
12428859 9995058 7168048 16113240 4010005 
12494396 10060851 7299377 16113497 4075798 
12099898 8876848 4602653 16047448 4489391 
12494396 10192179 7430704 16113498 4207384 
12559932 10192180 7430704 16179290 4207384 
12494653 10192436 7496496 16179291 4207384 
12560188 10258228 7562289 16179548 4273177 
12494396 10126644 7430705 16179548 4207384 
12494397 10126644 7430705 16179548 4207384 
12494396 10126643 7364912 16179804 4141848 
12428860 10060851 7299119 16179805 4141848 
12428604 10060851 7299119 16179805 4141848 
12363068 9995059 7233327 16179805 4076055 
12363068 9995059 7233327 16179806 4076056 
12297276 9929267 7101999 16179806 4010263 
12363068 9995059 7167791 16180063 4010263 
12363068 9995059 7102255 16245856 3944727 
12362812 9995059 7036463 16245856 3944727 
12297276 9929267 7101999 16245600 4010263 
12231484 9863475 6970671 16245857 3944470 
12362812 9995060 7167792 16246114 4010520 
12297276 9929523 7036464 16246114 3944727 
12231739 9929267 7036464 16246115 4010520 
11902778 8811314 4602654 16180321 4159140 
12165947 9863476 6905136 16246371 3944727 
12231483 9863475 6970672 16246628 4010263 
11903033 8811571 4602654 16180835 4159654 
12297531 9995059 7036721 4076056 16312677 
12363067 10060595 7036465 4076056 16312934 
12363067 10060851 7102258 4076056 16312934 
12494652 10192435 7168050 4141849 16313190 
12560188 10192436 7102258 4141848 16313190 
12626237 10324020 7168050 4141848 16378983 
10390068 12757565 7233586 4207385 16379239 
10521396 12823614 7233841 4207385 16379495 
10455604 12823358 7167793 4141592 16379239 
12757821 10455604 7233586 4207385 16379239 
12757821 10455604 7102257 16379239 4207128 
12823358 10521397 7233586 16379239 4207384 
12889150 10587189 7365171 16379495 4272921 
12954686 10587189 7430708 16379496 4338714 
12954687 10652981 7496500 16379496 4338714 
12954686 10652725 7430708 16445031 4338714 
12889150 10587189 7299379 16445031 4338457 
12889149 10521653 7102256 16445030 4141590 
12889405 10587189 7299121 16445030 4207383 
12889405 10587189 7299121 16445029 4207382 
12889149 10587445 7299377 16445029 4207382 
12823613 10521653 7233585 16444772 4207126 
12889149 10587446 7364657 16444772 4272919 
12823613 10652982 7364913 16444772 4272919 
12823613 10652982 7364657 16444771 4272919 
12889149 10719030 7430193 16444771 4272919 
12889149 10718774 7430194 16444771 4272663 
12954685 10784566 7495985 16444515 4272663 
12954941 10784822 7495985 16444514 4272663 
12954941 10850358 7495985 16444515 4272663 
12954941 10850358 7495985 16444514 4272663 
12954942 10850358 7561521 16444258 4272663 
12954941 10850358 7495985 16444258 4272663 
12954941 10850358 7495985 16444258 4272662 
11179318 13283647 7627570 16444515 4272919 
11179319 13283647 7627570 16510050 4272663 
11179319 13283647 7627314 16510051 4272663 
13020734 10850102 16444001 7364657 4206870 
13283903 11178807 7627570 16510051 4272663 
11310391 13481024 7693107 16510307 4272663 
11310648 13481280 7627571 16510307 4272663 
13349695 11244599 7561779 16510307 4272663 
13349695 11179063 7627571 16510307 4272663 
13218111 11113271 16444515 7561779 4272663 
13218111 11113015 16444515 7561779 4272663 
13283647 11178808 7562036 16444772 4338199 
13283647 11113272 7562036 16444516 4338455 
13152319 11047479 7430708 16444515 4272663 
13152063 10915895 7364916 16444515 4272406 
13086527 10915895 16444515 7364916 4272663 
13020734 10915895 16444259 7364915 4272663 
13020478 10850102 16444259 7299123 4206871 
13020478 10849846 16444259 7299123 4206871 
13020478 10849846 16444260 7233331 4206871 
13020478 10849846 16444516 7233331 4206871 
13020479 10849846 16444260 7233330 4141334 
13020479 10849846 16444260 7233331 4206871 
13020735 10849846 16444516 7233330 4141334 
13020735 10849846 16444259 7233331 4141078 
10915638 13152063 16444515 7233331 4141335 
10915383 13152063 16444515 7167539 4141078 
10915639 13152063 16444515 7233331 4141335 
10915639 13152063 16444259 7233331 4075542 
10915383 13217598 16444259 7233331 4141078 
10915382 13217599 16444515 7233075 4075542 
10915382 13217599 16444259 7167538 4075286 
10915382 13217599 16444259 7167538 4075542 
10849590 13217599 16444258 7167539 4075542 
10849590 13283391 16444258 7167538 4075542 
10849590 13217855 16444258 7101746 4075286 
10849590 13283391 16444258 7101746 4075286 
10849334 13217599 16444002 7101746 4075286 
10783798 13217342 16444002 7101746 4075542 
10783798 13217342 16443745 7101746 4075543 
10783798 13217342 16443745 7101746 4075287 
10849334 13217342 16443744 7167282 4141079 
11046966 13480256 16509537 7298867 4206871 
11178807 13677631 16444000 7364658 4141333 
2109508 4086907 461331 6591420 10148084 
2109508 4086907 461331 6591676 10082548 
2109252 4086906 461331 6591162 10082291 
2109252 4086906 461331 6591162 10082291 
2109508 4086907 461331 6591419 10082291 
2109508 4086906 461331 6591419 10147827 
2109508 4086906 461331 6591163 10147827 
2175044 4086906 461331 6591163 10147827 
2109252 4021113 461331 6525369 10082035 
2109252 4021113 461331 6525369 10082035 
2109251 4020857 461331 6459576 10082035 
2109251 4020857 461331 6459576 10082035 
2109252 4021113 461331 6525113 10082035 
2109252 4021113 461331 6525113 10147827 
2109252 4021113 461331 6459577 10082291 
2109252 4021113 461331 6459577 10147827 
2175044 4086907 461331 6591163 10213620 
2109508 4086906 461331 6525370 10148084 
2175044 4086906 461331 6525113 10147828 
2175045 4087163 461331 6591163 10213620 
2175045 4086907 461331 6525370 10148084 
2175044 4021114 461331 6459577 10147827 
2174788 4021113 461331 6459320 10082035 
2174788 4020857 461331 6393527 10082035 
2175044 4020857 461331 6393527 10082034 
2175044 3955321 461331 6393527 10016499 
2175045 4086907 461331 6459578 10082291 
2175044 4021114 461331 6393784 10082035 
2175045 4021371 461331 6459577 10082291 
2175301 4021371 461331 6459578 10082291 
2175301 4086907 461331 6459578 10082291 
2175301 4021371 461331 6459578 10082291 
2175301 4021371 461331 6393784 10082035 
2175301 4021371 461331 6459321 10082291 
2175301 4021114 461331 6393784 10016499 
2175044 3955321 461330 6327735 10016242 
2175301 4021114 461331 6393784 10016499 
2174788 3889528 461074 6261941 9950450 
2175301 3955322 461331 6327735 10016242 
2175045 3955321 461074 6327735 10016242 
2175044 3889529 461074 6327735 9950706 
2175044 3889529 461074 6261942 9950706 
2175044 3889528 461074 6261685 9950449 
2175044 3889529 461074 6261942 10015985 
2175045 3955322 461074 6327735 9950450 
2175044 3889528 461074 6196149 9884657 
2175044 3889529 461074 6261942 9950449 
2175044 3889272 395537 6261685 9950193 
2174787 3823735 395537 6195892 9884401 
2175044 3889528 395537 6261685 9950193 
2174788 3889272 395537 6261685 9950193 
2175044 3889272 395537 6261685 9950193 
2175044 3889529 395537 6261685 9950193 
2175044 3889273 395537 6261685 9950193 
2175044 3889529 395537 6261942 10015729 
2175044 3889273 461073 6261685 9950193 
2175044 3889529 461073 6261685 9950193 
2175044 3889273 461073 6261685 9950193 
2240581 3955066 461074 6261942 10015985 
2175045 3889273 395537 6196149 10015729 
2174788 3823479 395281 6064307 9884400 
5593717 6520233 2303799 8236254 13888242 
5593717 6585770 2304055 8170976 13954034 
5593716 6520233 2303799 8039904 13954034 
5528180 6454698 2303799 7974369 13954291 
5527924 6454442 2303799 7974369 13954549 
5527923 6323114 2238263 7974369 14020341 
6191786 5396594 2238263 7908576 14020341 
6060458 5330801 2238006 7908576 14086132 
5994921 5396336 2172470 7777505 14151925 
5929129 5330543 2172470 7711713 14020852 
5863336 5396079 2172470 7580128 14020852 
5797800 5396336 2172470 7580386 13955316 
5797800 5396079 2172470 7514594 14020852 
5797544 5396079 2172470 7514593 13955316 
5797800 5396080 2172214 7514594 14020852 
5797544 5396079 2172213 7514338 14020852 
5732008 5396079 2172213 7514337 14020852 
5797543 5330543 2172213 7514338 14021109 
5797543 5330544 2172213 7448546 14021109 
5797543 5396080 2237750 7448545 14021108 
5797542 5396080 2237750 7514081 14152435 
5731750 5396080 2172213 7579873 14086900 
5731750 5396079 2172213 7514337 14086901 
5731750 5330287 2172212 7514595 14021622 
5731492 5264494 2106420 7514339 14087414 
5731492 5198958 2040627 7449060 14152951 
5797285 5199216 2106420 7449317 14153464 
5928871 5199475 2106420 7449832 14219000 
