8487294 10461856 725018 5920082 12570074 
8487294 10461856 725018 5920082 12570330 
8487294 10461856 725018 5920083 12570074 
8487294 10461856 725018 5920083 12570074 
8487294 10461856 725018 5854546 12570074 
10461856 8487038 790555 5854546 12570074 
10461855 8487037 725018 5854290 12570074 
10461856 8487038 725018 5854290 12570330 
10461599 8421245 725018 5788497 12570073 
10461599 8421245 724762 5788754 12570073 
10461599 8486781 724762 5788754 12504281 
10396063 8487037 724761 5854290 12504281 
10461856 8552574 724761 5920083 12570073 
10461856 8552830 724762 5985875 12570074 
10461856 8552574 724762 5920083 12570074 
10527393 8618623 725018 6051668 12635867 
10527393 8618623 725018 6117205 12701659 
10527649 8618623 725018 6051668 12767196 
8618623 10527650 790555 6117205 12832988 
8750209 10659236 790555 6183255 12898782 
8750209 10659236 790555 6183255 12898782 
8684673 10659236 790555 6182998 12964574 
8684416 10659236 790555 6117462 12964574 
8684416 10659236 790812 6117462 13030367 
8618623 10658980 790555 6051669 13030367 
8618623 10658980 790555 6051669 13095903 
10067100 8092279 658968 5656911 12832730 
10132893 8158072 658968 5722704 12898523 
9408653 6643806 856090 11385544 15987697 
9408654 6643806 856090 11385800 16053234 
9342861 6512476 790553 11385800 16053491 
9343117 6512476 790553 11385801 16053491 
9342860 6512220 790297 11320263 16053491 
9277324 6446683 790297 11320008 15987697 
9277324 6446683 790296 11320007 15987698 
8355708 10198686 658711 5788497 12832988 
8355452 10133150 658967 5788497 12832987 
8355452 10133150 658711 5788497 12635866 
8223865 10067099 658711 5722447 12372951 
8158073 10001305 658711 5656911 12175573 
8158073 10001305 658711 5722447 12109524 
8158073 10001305 658967 5788240 12109780 
8158073 10001305 658711 5722704 12109780 
8092280 9935512 658711 5656654 12109524 
8158073 10001305 658711 5722447 12109524 
8092280 10001048 658711 5656654 12109780 
8158073 10001305 658711 5722447 12109780 
8158073 10001305 658711 5722447 12109780 
8158073 10001305 658711 5656910 12109780 
8223865 10067098 658711 5722447 12175317 
8158073 10001306 658711 5722447 12175316 
8158073 10066842 658967 5656654 12175316 
8223866 10067099 658967 5722447 12175573 
8223866 10067099 658967 5722447 12175573 
8223609 10067098 658967 5722447 12241109 
8092280 10001049 658967 12175316 5590861 
8158073 10066842 658967 5656654 12175573 
8158073 10066842 658967 5656654 12175317 
10001049 8092023 658711 12175317 5459532 
10001049 8092024 658711 12240853 5525069 
9869718 8026487 658710 5459532 12044244 
9869718 7960694 658709 12044244 5393739 
9935254 8026743 658710 5525324 12044244 
9935254 8026487 658710 5525068 12044244 
8092280 9935511 658710 5591117 12044244 
9869718 8026486 658710 12044243 5590860 
9935254 8026487 658710 5590861 12044244 
8092279 9935511 658710 5656653 12044244 
7960694 9803925 658453 5590861 11978194 
7829107 9672339 592917 11978193 5393739 
7829364 9737876 658453 5459531 11978193 
7763315 9672082 592917 11912401 5393482 
7763315 9672082 658453 5393482 11978193 
7763314 9672082 658453 5327946 11977937 
7960694 9869461 658710 5525325 11978195 
7829108 9737875 658709 5459275 11978193 
7894901 9803668 658709 5459532 11978194 
7763315 9737874 658453 5393739 11978193 
7829107 9737875 658709 5459276 11978193 
7763315 9737873 658453 5393482 11978193 
7763314 9737874 658453 5393483 12043729 
7829108 9803666 658453 5393739 12043730 
7894901 9935252 658709 5459532 12109523 
7829108 9869459 658453 5393739 12109523 
8487551 5920340 724245 10465472 15590076 
8619395 6051926 789781 11451851 15780421 
8619139 6051926 789781 11451851 15780162 
8619139 6051926 790037 11451851 15779906 
8619139 6051670 789781 11517387 15779392 
8619396 6051670 789781 11517643 15779647 
8619396 6051926 855573 11517644 15713340 
8685188 6051926 855573 11517900 15778875 
8685189 6117462 855573 11583436 15778618 
8750982 6117975 855573 11649229 15778104 
8750981 6051926 855573 11649229 15778101 
8750982 6051926 855573 11715022 15646260 
8816775 6117719 855573 11715023 15711538 
8816775 6117462 855573 11780815 15644976 
8816775 6051669 855572 11846608 15578670 
8816776 6117462 855572 11912401 15578411 
8882568 6117462 855572 11978194 15643687 
8882569 6183255 855572 12043988 15511587 
8882569 6183255 855573 12109781 15379744 
8882826 6183512 855573 12241109 15116574 
9013119 5986133 789780 10531522 15922419 
8947327 5985876 789780 10531266 15790834 
8881790 5985876 789780 10531522 15790834 
8881791 5986133 790036 10531522 15790577 
8881791 6051669 789781 10531522 15725040 
8881791 6051669 789781 10531523 15659248 
8815999 5985877 789781 10531522 15593455 
8816000 5985877 789781 10531523 15593455 
8750207 5920084 724245 10465730 15461869 
7960176 9409430 592659 5196362 11978453 
8618879 5854547 724245 10465730 15330026 
7763055 9343379 592659 5130825 11649746 
7697263 9277585 592659 5064776 11452624 
7697264 9343377 592659 5065033 11452625 
7631729 9277841 592916 5130825 11321297 
7631472 9277841 592916 5130825 11321297 
9343633 7566192 592916 11387345 5130825 
7631985 9343890 592916 5131082 11387346 
7631985 9343890 592916 5131082 11387346 
9343890 7631985 592916 5196618 11387346 
9343890 7631985 658452 5196618 11387346 
9343890 7566193 592916 11387346 5130826 
9409426 7631729 592916 11387346 5130826 
9409426 7566193 592916 11387346 5130826 
9409426 7566193 592916 11452882 5130826 
9409426 7566193 592916 11452882 5130826 
9409426 7631729 592916 11452882 5130826 
9409426 7566193 592916 11452882 5130826 
9409426 7566193 592916 11452882 5130826 
9409426 7566193 592916 11452882 5065290 
9409426 7566193 592916 11453138 5130826 
9409426 7566193 592916 11453138 5130826 
9409426 7566193 592916 11518674 5065290 
9409426 7565936 592916 11518674 5065034 
9409427 7566193 592916 11518675 5065290 
9409170 7500400 592916 11518675 4999497 
9409170 7500143 592916 11518931 4999241 
9409426 7500400 592916 11584467 4999497 
9409426 7500143 592916 11584467 4999241 
9409427 7500400 592916 11584467 4999497 
9409427 7565936 592917 11650260 4999498 
9409427 7500400 592917 11650260 4999241 
9409427 7500144 592917 11650260 4933705 
9474964 7565936 592917 11715797 4999497 
9474964 7565936 592917 11716053 4999497 
9475220 7565936 592917 11781590 4999498 
7565936 9475221 593173 5065034 11781846 
9475220 7500143 592917 4999241 11781846 
9409428 7434350 592917 11847383 4867912 
9409428 7434350 592917 11847639 4867656 
9474964 7434350 592917 11913176 4867656 
9474964 7368814 592917 11913175 4867912 
9212049 7236971 592660 11781589 4736326 
9211792 7171179 592660 11781589 4670534 
9212049 7236972 592660 4736326 11847382 
7302765 9277586 592916 4802119 11913175 
9211793 7236972 592660 4736070 11847382 
9211793 7236715 527123 4670277 11847382 
9211792 7171179 527123 11781590 4604741 
7236715 9211793 592659 4736070 11716054 
9146000 7170922 592659 4604484 11650261 
9146000 7105386 592659 4670277 11584468 
9145999 7039593 592659 4604484 11584468 
9145999 7039593 592659 4604484 11584468 
9145999 7105129 592659 4604484 11584468 
9145999 7105129 592660 4604484 11584468 
9145999 7105129 592660 4604484 11650261 
9145999 7039593 592659 4538691 11650261 
7039593 9145999 592659 4538691 11650261 
7039593 9146000 592659 4538691 11650261 
7105386 9146000 592660 4604484 11650261 
7105386 9211536 592660 4604484 11650261 
7039593 9146000 592659 4538691 11715798 
7039593 9211536 592659 4472899 11716054 
7039337 9211536 592659 4538435 11715798 
7039337 9211536 592659 4538435 11715798 
6973542 9145742 526865 4407103 11715797 
7039079 9211278 592401 4472640 11715797 
7039079 9211279 592401 4472640 11781590 
7104872 9211279 592657 4538433 11715798 
7104872 9211535 592401 4538433 11781334 
7104872 9277071 592658 4538434 11781334 
7039079 9211279 592401 4472641 11781334 
7104872 9276815 592401 4472641 11781334 
7039080 9277072 592401 4407104 11781590 
7039080 9277072 526865 4406849 11781590 
7039080 9277072 592401 4406849 11781334 
7039079 9342608 526609 4341312 11781334 
7104616 9342608 592401 4406849 11847127 
7104872 9342608 592401 4472641 11847127 
7039079 9342608 526609 4341056 11847127 
7039079 9342608 526609 4341312 11847127 
7104615 9342609 592145 4406849 11847384 
6973286 9342608 526608 4275263 11847127 
6973286 9342608 526608 4341056 11847127 
7039079 9342609 526608 4341313 11912919 
7038823 9342608 526608 4341313 11912919 
7104616 9342865 526608 4407105 11978712 
7104616 9342609 526607 4407106 11912920 
7104616 9408402 526607 4407106 11978712 
7104615 9408402 526608 4472642 11978712 
7104615 9408146 526351 4472642 12044249 
7104359 9342610 526352 4406849 12044248 
7104615 9408402 526608 4472642 12044249 
7038823 9408146 526351 4406849 12044249 
7038823 9408146 526352 4406849 11978713 
7038822 9408145 526351 4406849 12044249 
7038822 9342609 460815 4275520 12044248 
7038822 9408145 460815 4275520 11978456 
7038822 9408145 460815 4341056 11978712 
7038822 9408145 526351 4406849 12044248 
7038822 9408145 460814 4341056 12044249 
7038822 9408145 460814 4275263 12044249 
7038822 9408146 460814 4275264 12109785 
7038822 9408145 460814 4275264 12044249 
7038822 9408145 460814 4275264 12044249 
7038822 9408145 460558 4275264 12044249 
7038822 9473682 460558 4275264 12044505 
7038823 9473939 460558 4275264 12110042 
7038823 9473939 460558 4209471 12110042 
7038567 9473939 460558 4209471 12175578 
7038566 9473939 460558 4209471 12175578 
6973030 9473939 460557 4143678 12175578 
6973030 9473939 460557 4143678 12175578 
6972773 9473939 460557 4078141 12110042 
6906981 9408146 460557 4077885 12175578 
6906980 9408146 460557 4012349 12175577 
6841444 9408145 460557 4012349 12175577 
9408145 6841188 460557 4012349 12175578 
9408145 6841188 460557 4012349 12175578 
9342353 6775395 395021 3946556 12175577 
9342352 6775395 395021 3946556 12175577 
9342353 6906724 460558 4012349 12241113 
9408146 7038310 460558 4143935 12241370 
9407889 7038567 460558 4078143 12175577 
9408146 7104360 460558 4143936 12175321 
9276815 6973286 395021 4078141 11978711 
9276815 6973287 395020 4078141 11978711 
7039080 9277072 395021 4143933 11978712 
7039080 9277072 395021 4143934 11978456 
7039080 9342608 460557 4143934 11978712 
7039079 9277071 395020 4078141 11978455 
6973287 9277071 395020 4078141 11978712 
6973287 9342608 395021 4078141 11978456 
6973287 9342608 395020 4078141 12044248 
6973030 9342607 395020 4012348 12044248 
6973030 9342608 395020 4012349 12044248 
6907494 9342608 395020 4077885 12044248 
6907237 9342352 394764 4012349 12044249 
6907237 9342351 394764 4012348 12044248 
6907493 9342352 395021 4143678 12044248 
6907237 9342351 395020 4078141 12044248 
6907237 9342351 395021 4078141 12044248 
6907237 9342351 395020 4078141 12044248 
6973029 9342608 395020 4143678 12044248 
6907493 9408144 395020 4078141 12044248 
6907237 9342608 394764 4077885 12044248 
6907237 9408144 395020 4078142 12044248 
6973029 9408145 395021 4143934 12109784 
6973029 9408144 460557 4143934 12043992 
6973029 9408144 395021 4143678 12043991 
6907237 9408144 395020 4078142 12043991 
6973029 9408145 460557 4143679 12043992 
6907237 9408145 395020 4077886 12044248 
6907236 9408145 395020 4012349 12043992 
6907236 9408145 395021 4077885 12044248 
6906980 9342352 395020 4012349 12043991 
6906979 9342352 395020 4012348 12044247 
6906979 9342351 395020 4012092 12044247 
6906979 9342352 395020 4012092 12043991 
6906723 9342351 394764 3946299 12109783 
6906723 9342351 394764 3880764 12109783 
6972516 9342352 395020 4012092 12109784 
6972516 9342352 395020 3946556 12109783 
6972773 9342352 395020 4012092 12109784 
7038309 9342352 395020 4012349 12109784 
7038309 9342352 395020 4012349 12175320 
7038309 9342352 395020 4012349 12175319 
7038566 9408144 460557 4143678 12175320 
7104359 9408145 460557 4209470 12175576 
7104359 9408145 460557 4143678 12241112 
7170151 9408401 460557 4143678 12241112 
7170151 9408401 460557 4078141 12241112 
7170151 9473937 460557 4078141 12241112 
7170151 9408401 460557 4078141 12175319 
7104359 9408144 460557 4077885 12109783 
7104358 9408144 460557 4077885 12109527 
7104102 9408144 460556 4012349 12043734 
7038309 9342352 394764 3946300 11977941 
6972773 9342351 394764 3880763 11912405 
6972516 9342351 394764 3880764 11912149 
6972772 9342351 394764 3946300 11846613 
6972773 9342352 394764 3946300 11846613 
6972773 9342352 394764 3946300 11846613 
6972772 9342352 394764 3880764 11846613 
6972773 9342352 394764 3946300 11846612 
6973029 9276815 394763 3881019 11781075 
6973029 9342607 395020 3946812 11781075 
6973029 9342607 395020 3946555 11781075 
6973029 9342608 395020 3946812 11781075 
6973029 9342608 395020 3946556 11781331 
6973029 9342608 395020 3946556 11781075 
6973029 9342864 395020 4012348 11781332 
6973029 9342864 395021 4078141 11781332 
6973029 9342864 460557 4078141 11781332 
6973029 9342608 395021 4012349 11781332 
6973029 9342608 395020 3946812 11846868 
6973029 9342608 395020 3946812 11846868 
6973029 9342608 395020 3946812 11781076 
6973029 9342608 395021 4012349 11781075 
6973029 9342608 460557 4012605 11781076 
9342608 7038566 460557 4078141 11781332 
9342608 7038566 395021 4012349 11781076 
9342608 7038566 395021 4078141 11781076 
9342865 7104615 460814 4143934 11781076 
9342608 7104616 460814 4143934 11781076 
9342865 7236202 460814 4209727 11781076 
9408401 7301994 460814 4209727 11781076 
9408401 7301994 460814 4209727 11715283 
9408401 7301994 460814 4209727 11715283 
9408401 7367787 460814 4341055 11715283 
9408401 7301994 460813 4275262 11715283 
7367787 9474194 460814 4341055 11781076 
7301994 9408401 460814 4275006 11781076 
7301994 9408401 460813 4275005 11781076 
7301737 9408145 460813 4275005 11781075 
9276814 7235944 460813 4275004 11715026 
9276814 7235944 395021 4209212 11715026 
9276815 7236200 460813 4275004 11649489 
9342607 7301737 460813 4275005 11649233 
9276814 7236200 460557 4275004 11649233 
9276814 7235944 460557 4275004 11649489 
9342350 7236200 460557 4275004 11649489 
9342607 7301993 460813 4406334 11715026 
9408400 7367530 460813 4406590 11715282 
9408144 7367530 460813 4406333 11715282 
9408401 7433323 460813 4472126 11846611 
9408144 7367530 460813 4406590 11846355 
9408400 7433066 460813 4472126 11846611 
9408400 7367530 460814 4472126 11846611 
9474193 7498859 460814 4537919 11912404 
9473936 7433322 460814 4472125 11977939 
9408400 7433066 460813 4406333 12043476 
9473937 7433322 460814 4472125 12109269 
9473937 7433065 460813 4406332 12175061 
9473936 7432809 460813 4406332 12175318 
8881540 723985 5853520 10793924 15987184 
8881283 723729 5787727 10793668 15987184 
8881284 723729 5787471 10793668 15987441 
8881283 723729 5656141 10793667 16052977 
8881283 658192 5590092 10793667 16052978 
8881283 658192 5655884 10793667 16052978 
8881283 658192 5590092 10793667 16052977 
8881283 657936 5590092 10793411 15987184 
8881027 657936 5590092 10793410 15921391 
8815490 657936 5590092 10793410 15921391 
8684159 657934 5590090 10661566 15658219 
8684159 657934 5590090 10596030 15657962 
8683903 657935 5590090 10596029 15526377 
7828079 9473935 526606 4997953 11780046 
7762543 9473935 526606 5063746 11648460 
9408141 7762287 526606 4997954 11451339 
9539726 7893873 526607 5129540 11516875 
9605519 7959666 592143 5195333 11582668 
9605263 7893873 526607 5129540 11582668 
9605263 7893873 526607 5195076 11582668 
9671056 7959666 592143 5260869 11648204 
9605263 7893873 592144 5195333 11582668 
9736849 8025459 592400 5326919 11713997 
9736849 8025459 592400 5326919 11713997 
9671312 7959667 592400 5326663 11713997 
9671313 8025459 592401 5326919 11713997 
9736849 8025459 592401 5392455 11713997 
8091252 9737106 592401 5458248 11779533 
9671056 7959666 592401 5326663 11713996 
9671313 8025459 592401 5392455 11779532 
9605519 7959409 592401 5326662 11713996 
9671313 8025459 592401 5392456 11713996 
9671313 8025459 592401 5392456 11779532 
9605520 7959410 592401 5326663 11779532 
9671056 7959666 592401 5392455 11779532 
9671056 7959666 592402 5392456 11779532 
9605520 7959410 592402 5326663 11779275 
9671056 7959410 592402 5392456 11779275 
9671056 7959410 592402 5392456 11844811 
9671056 7959410 657939 5458248 11845068 
9605264 7959666 657938 5458249 11844811 
9605264 7959666 657938 5523785 11779019 
9605264 7959410 657938 5523785 11779019 
9605264 7959667 657938 5458249 11779018 
9605264 7959411 657939 5523785 11779018 
9605263 7959410 592403 5458249 11779018 
9605263 7959410 658195 5458249 11779018 
9539471 7959154 658195 5457992 11779018 
9539471 7959410 658196 5458249 11779018 
9539471 7893618 658196 5392456 11778762 
9539470 7893361 592404 5326664 11778761 
9539471 7893618 658196 5392457 11778761 
9539471 7893618 658197 5458249 11778761 
9539471 7893618 658196 5392457 11713225 
9539471 7893618 658196 5392457 11712969 
9539470 7959154 658196 5458250 11712969 
9473678 7893617 658196 5392458 11712969 
9473678 7893618 658196 5392458 11712968 
9407884 7761776 658196 5261129 11581383 
9473678 7827825 658196 5326921 11712968 
9407886 7827569 658196 5326922 11647176 
9473422 7827569 658196 5326922 11712712 
9342092 7695983 592404 5129544 11646919 
9407886 7827569 657940 5261129 11778504 
9407886 7827569 657940 5261130 11778504 
9342093 7695983 592403 5129544 11778504 
9342093 7695726 592403 5129544 11778248 
9407630 7761519 657939 5195337 11844040 
9473681 7893105 657939 5261130 12106955 
9473680 7827569 657939 5261131 12106955 
9276301 7630190 526351 4998215 11778504 
9341838 7630190 526607 5064008 11844040 
9341838 7695727 526607 4998216 11909833 
9407888 7761776 592144 5129801 11975625 
9407888 7761776 592144 5129802 12041418 
9473681 7827313 5195594 592144 12041419 
9473681 7827313 5195594 657937 12106955 
9473681 7827570 5195595 657937 12106955 
7893363 9539474 5326924 657937 12173005 
9539216 7761777 5195338 657937 12173004 
7959155 9605267 5392717 723474 12304334 
7959155 9605267 5458509 723474 12370126 
7958899 9605011 5392716 723731 12370126 
9605010 7893362 5392460 723731 12370126 
8024948 9670803 5458253 723731 12501455 
9539217 7827569 5261130 723474 12435662 
9539216 7893106 5261131 723475 12501454 
9539216 7893106 5326667 723475 12566991 
8090484 9736339 5458510 789267 12633040 
8090741 9736597 5524046 789268 12764369 
8090741 9736597 5524046 789524 12764369 
8156278 9802390 5655632 855060 12895697 
8090485 9736596 5524303 855060 12895697 
8222070 9802390 5655889 920596 12961489 
8156278 9802390 5655633 920853 12961489 
8090486 9802133 5589839 920853 13027025 
8222071 9867926 5721425 986646 13092818 
8221815 9867926 5655889 1052182 13158610 
8221815 9867926 5721425 1052183 13158610 
8156279 9867926 5655889 1052440 13224146 
8156280 9802391 5721426 1183767 13421266 
8090743 9802390 5655633 1117974 13421265 
8156536 9867927 5721682 1183511 13487314 
8156280 9802391 5721682 1183768 13552594 
8156280 9867927 5721426 1183768 13618386 
8156537 9933719 5787218 1315097 13683921 
8156537 9933720 5852754 1380890 13684178 
8156280 9867927 5786961 1446683 13683922 
8156280 9933719 5852754 1512476 13749971 
8156281 9933719 5918547 1643806 13815507 
8156537 9933719 5984339 1709599 13881043 
8090488 9933462 5918290 1644062 13881043 
8090487 9867669 5852753 1709598 13881042 
8090488 9933462 6049876 1841184 13881042 
8156280 9998998 6115669 1972769 13946834 
8156280 9998998 6181205 1972770 13946834 
8222330 10065047 6378327 2038562 14012627 
8222330 10065047 6378071 2038562 14078163 
8156537 10064790 6312534 2038562 14077906 
8090488 9998997 6180692 1907233 14077906 
8090744 9998997 6246485 2038305 14078162 
8156538 6443607 10064790 2169890 14143699 
8156538 10064534 6443350 2169890 14209235 
8091002 6377814 10064533 2235682 14143698 
8090232 9998740 6246484 2169889 14143698 
8090488 9998997 6312020 2235425 14209491 
9275018 6774627 2761768 13814477 13835071 
8024438 9932948 6180691 2235425 14274770 
8024438 9932947 6180691 2235681 14209234 
7760752 9669776 5917262 2104095 14077648 
9209737 6708833 2761766 14011855 14097470 
9209737 6774368 2761766 14011855 14032192 
9275530 6774369 2827559 14077647 14097728 
9472652 6971491 2893352 14208977 14360129 
9472652 6971747 2959144 14143184 14425923 
9472652 6971747 3024937 14208720 14425666 
9472652 7037540 3156266 14208719 14556995 
9406859 6971747 3024936 14208975 14557252 
9341066 6905954 2959144 14208719 14622788 
9275530 6971490 3024937 14208719 14688325 
9275273 6905697 2959144 14077133 14688582 
9275273 6905697 2959143 14011597 14885704 
9341066 7037026 2893607 14077133 14952010 
9341066 6971489 2828070 13945548 15083084 
9341066 7037025 2762278 13814218 15214156 
9341066 7037025 2696485 13748169 15214412 
9275273 6971232 2499362 13551304 15214668 
9340809 6971232 2499106 13551047 15345742 
9275016 6905439 13419462 2433569 15345998 
9340809 6905696 13419462 2367776 15411791 
9275273 6839903 13353669 2301983 15346254 
9275016 6839903 13222340 2367777 15345997 
8946051 6379352 12827583 2170398 15411533 
8946051 6313816 12827583 2170654 15411533 
9011586 6313815 12762047 2104862 15214667 
8945537 6116180 12761790 1907483 15214410 
8880000 5984851 12695998 1841690 15148615 
8814207 12630462 5918801 1775896 14951749 
8945537 5984851 12696511 1775640 14754627 
7695469 10523544 5520960 13288649 1249809 
7038052 9931920 5126714 12960195 1184016 
6972259 9865870 4995642 12763074 1183759 
6972259 4930363 9931919 12763074 1183502 
5457478 7958382 10722721 1380881 13683919 
5457992 8221297 10986150 1446418 14012884 
5392457 8287090 11052200 1446418 14012885 
5392714 8287347 11117993 1446417 14012885 
5327177 8221553 11183787 1446417 14144727 
5326921 8287090 11249580 1446418 14276313 
5195592 8024175 11117993 1446417 14078935 
5129798 7892332 10986664 1315088 14013141 
4998213 7629673 11052201 1249039 14078935 
4735041 7235172 1117710 10920614 13881556 
4669505 7169379 1051917 10920614 13815763 
4669248 7103843 986125 10986664 14013142 
4603712 7038051 986125 11052200 14144728 
4669248 7038051 1051918 11052457 14144728 
6972259 4537920 986382 11052457 14013142 
4669505 6972515 1051919 11052200 13947092 
6906722 4603712 1051919 11052200 13881555 
6906722 4538176 1117712 10986407 13749969 
4603969 6972515 1117713 11052200 13749968 
6709601 4275004 1051919 10920613 13683919 
6906979 4340798 1117712 11117736 13815505 
7038822 4406848 1117714 11183786 13815506 
5591378 7696752 3419954 723213 12565439 
5656914 7762545 3419955 657677 12697025 
5788500 7894132 3551541 723215 12828868 
6051929 3683384 8091768 723471 12960454 
6117723 3814714 8157562 723473 13026247 
5986395 8223612 3748920 657938 13355469 
8223613 6051932 3748920 657938 13355469 
6117982 8355456 3814713 658195 13290190 
6512740 8750472 3946556 723988 13619412 
8750472 6512740 3946557 658452 13619414 
8882058 6512997 658453 3946557 13685722 
9013645 6644327 658454 4012350 13817309 
9079438 6644584 592662 3946815 13883360 
6907499 9342866 592918 4078402 14080995 
7236721 592919 9737625 4210245 14344424 
7368307 592919 9803676 4276039 14476267 
7434357 527384 10066591 4276296 14673902 
7631736 527385 10330020 4342346 15002608 
7631480 527386 10330021 4276555 15134194 
7697273 461849 10461607 4079691 15265780 
7894652 461851 4014158 10790572 15462901 
7894653 461851 3883087 10856366 15528694 
7894909 461851 3752017 10856622 15594230 
7960703 462108 3752276 11053745 15725559 
8026496 527901 3818068 11054002 15725559 
8092290 593695 3883863 11119795 15725816 
8289925 659745 4147034 11382967 15857145 
725539 8355463 4212827 11448760 15922937 
791332 8355463 4147292 11448760 15857145 
857125 8355463 4213085 11382968 15857145 
922661 8355463 4213086 11382968 15857145 
922918 8355463 4147550 11382968 15922681 
988454 8355720 4213087 11448761 15922681 
988711 8421257 4213344 11448761 15922681 
1054247 8355721 4147808 11448762 15922681 
1120298 8289671 4213345 11317176 15922424 
1120298 8289672 4147810 11316920 15922424 
1120298 8289416 4082018 11251383 15856888 
1120555 4082275 8289416 11185590 15856887 
1120555 4016483 8223880 11185590 15856631 
1120555 3950947 8223880 11251126 15856888 
1120555 3950947 8223880 11185590 15856631 
1120555 3950947 8158088 11185334 15856631 
1120555 3885155 8158088 11185334 15791095 
1054762 3688033 8092295 11119541 15791095 
1054506 3687776 8026759 11119541 15791095 
988969 3622240 7960966 11053748 15790839 
988969 3622240 7960966 11053748 15790839 
988713 3490654 7895174 10988211 15725302 
988969 3556447 7895174 11054004 15791095 
988969 3556704 7960967 11119798 15856631 
988969 3556704 7960967 11119798 15791095 
988713 3490654 7895174 11054005 15791095 
922919 3293531 7698053 10987955 15790839 
923176 3359325 7763846 11053748 15791095 
922919 3293532 7698053 10987955 15790838 
725540 3030101 7237758 10527662 15659509 
791332 3095895 7369087 10593455 15725046 
659746 2832723 6974845 10527404 15659509 
659490 2766673 6711931 10395819 15659509 
659746 2832466 6843260 10461612 15659509 
659489 2700880 6580346 10330026 15593716 
527903 2503757 6382710 10001318 15527924 
527903 2569294 6382710 10001318 15528180 
527903 2569294 6448502 10067111 15593716 
